learning evaluation instances,evaluation time (cpu seconds),model cost (RAM-Hours),classified instances,classifications correct (percent),Kappa Statistic (percent),Kappa Temporal Statistic (percent),Kappa M Statistic (percent),model training instances,model serialized size (bytes),tree size (nodes),tree size (leaves),active learning leaves,tree depth,active leaf byte size estimate,inactive leaf byte size estimate,byte size estimate overhead
10000.0,0.669926,1.0802086579302946E-8,10000.0,79.32000000000001,69.00921021395888,69.20327624720774,68.67615873977583,10000.0,62328.0,7.0,4.0,4.0,2.0,0.0,0.0,1.0
20000.0,1.056938,1.7277866366008917E-8,20000.0,79.52,69.28620345744893,69.65251537378677,69.04707927151817,20000.0,64680.0,7.0,4.0,4.0,2.0,0.0,0.0,1.0
30000.0,1.412424,2.5820263210270142E-8,30000.0,79.72333333333333,69.57666892572418,69.81291251054539,69.33817228690963,30000.0,92888.0,11.0,6.0,6.0,3.0,0.0,0.0,1.0
40000.0,1.784756,3.919908076524735E-8,40000.0,80.2675,70.39463295992294,70.5671775366372,70.258864312898,40000.0,138896.0,17.0,9.0,9.0,4.0,0.0,0.0,1.0
50000.0,2.146046,5.538290237387022E-8,50000.0,80.73599999999999,71.09949334747422,71.25977203556721,70.93980992608235,50000.0,173152.0,21.0,11.0,11.0,4.0,0.0,0.0,1.0
60000.0,2.503812,7.46105070412159E-8,60000.0,80.98166666666667,71.46841258856375,71.60029865604778,71.32482283761371,60000.0,207744.0,25.0,13.0,13.0,4.0,0.0,0.0,1.0
70000.0,2.866735,9.569184172691571E-8,70000.0,81.26285714285714,71.8926959221457,71.9959005892903,71.78323257965279,70000.0,224536.0,27.0,14.0,14.0,4.0,0.0,0.0,1.0
80000.0,3.23461,1.1998291143940556E-7,80000.0,81.42,72.1283103441389,72.18510825427124,72.01385750866095,80000.0,255240.0,31.0,16.0,16.0,6.0,0.0,0.0,1.0
90000.0,3.588973,1.44767150286999E-7,90000.0,81.57222222222222,72.35584961904593,72.37950904306697,72.232453790517,90000.0,270352.0,33.0,17.0,17.0,6.0,0.0,0.0,1.0
100000.0,4.031592,1.840683067817655E-7,100000.0,81.664,72.49341044851518,72.5348631686164,72.35598305416939,100000.0,343224.0,43.0,22.0,22.0,6.0,0.0,0.0,1.0
110000.0,4.421658,2.221583323284156E-7,110000.0,81.83272727272727,72.74668698894847,72.77680906713164,72.61828096954085,110000.0,377464.0,47.0,24.0,24.0,7.0,0.0,0.0,1.0
120000.0,4.835796,2.663051043181784E-7,120000.0,81.91000000000001,72.86153848075246,72.87889956397346,72.73652085452697,120000.0,412056.0,51.0,26.0,26.0,7.0,0.0,0.0,1.0
130000.0,5.214225,3.0939043799829153E-7,130000.0,82.05384615384615,73.0766626929881,73.05911290229454,72.94162674986372,130000.0,440096.0,55.0,28.0,28.0,7.0,0.0,0.0,1.0
140000.0,5.585794,3.535834063320524E-7,140000.0,82.11857142857143,73.173825383011,73.15791731000171,73.03910482159974,140000.0,459744.0,57.0,29.0,29.0,7.0,0.0,0.0,1.0
150000.0,5.978893,4.033407322296666E-7,150000.0,82.19933333333333,73.29588964408713,73.24897558434273,73.1774940480376,150000.0,489280.0,61.0,31.0,31.0,8.0,0.0,0.0,1.0
160000.0,6.363955,4.5400294484984547E-7,160000.0,82.30625,73.45680800271774,73.42083521105604,73.33722616737933,160000.0,508576.0,63.0,32.0,32.0,8.0,0.0,0.0,1.0
170000.0,6.754739,5.095936684703661E-7,170000.0,82.35235294117646,73.52616130032756,73.50343560666278,73.41656624370879,170000.0,549880.0,69.0,35.0,35.0,8.0,0.0,0.0,1.0
180000.0,7.144275,5.684420169289742E-7,180000.0,82.45166666666667,73.67523662609486,73.63553656236176,73.56249686134687,180000.0,583968.0,73.0,37.0,37.0,8.0,0.0,0.0,1.0
190000.0,7.5433,6.347020395058725E-7,190000.0,82.50052631578947,73.74829778355121,73.70851553418785,73.6313673241179,190000.0,641880.0,81.0,41.0,41.0,8.0,0.0,0.0,1.0
200000.0,7.952385,7.073221382747093E-7,200000.0,82.588,73.87924582637389,73.84132325766566,73.75833615914999,200000.0,686192.0,87.0,44.0,44.0,9.0,0.0,0.0,1.0
210000.0,8.337685,7.805905985914998E-7,210000.0,82.60761904761905,73.90897765267269,73.8742927446871,73.79594355122218,210000.0,735056.0,93.0,47.0,47.0,9.0,0.0,0.0,1.0
220000.0,8.712332,8.550712413133846E-7,220000.0,82.63454545454545,73.94903749104598,73.90936159750866,73.83054655551521,220000.0,768464.0,97.0,49.0,49.0,9.0,0.0,0.0,1.0
230000.0,9.112665,9.370246028651793E-7,230000.0,82.65434782608696,73.97831433616162,73.92296178156602,73.85100414241519,230000.0,791312.0,99.0,50.0,50.0,9.0,0.0,0.0,1.0
240000.0,9.51422,1.0223204998941056E-6,240000.0,82.69208333333333,74.03494287744276,73.97745995351663,73.91274312162832,240000.0,821080.0,101.0,51.0,51.0,9.0,0.0,0.0,1.0
250000.0,9.949837,1.119881419794013E-6,250000.0,82.7272,74.0881144086374,74.03008233249336,73.97969329034979,250000.0,865712.0,107.0,54.0,54.0,10.0,0.0,0.0,1.0
260000.0,10.363425,1.2169640110412405E-6,260000.0,82.75346153846154,74.12790359870395,74.06835530881331,74.03156218329231,260000.0,907352.0,113.0,57.0,57.0,10.0,0.0,0.0,1.0
270000.0,10.783871,1.3197113322404524E-6,270000.0,82.79777777777778,74.19471638138378,74.12176354893887,74.11166663879739,270000.0,944632.0,117.0,59.0,59.0,10.0,0.0,0.0,1.0
280000.0,11.216912,1.4308027944217126E-6,280000.0,82.85535714285714,74.28114328915242,74.21788984666613,74.19779629131953,280000.0,991640.0,125.0,63.0,63.0,10.0,0.0,0.0,1.0
290000.0,11.627266,1.5405489883406296E-6,290000.0,82.88827586206897,74.33026305831437,74.26755027327503,74.25647038072658,290000.0,1033792.0,129.0,65.0,65.0,10.0,0.0,0.0,1.0
300000.0,12.028849,1.648804662987176E-6,300000.0,82.904,74.35415933903033,74.29469284242919,74.28296361667135,300000.0,1042024.0,129.0,65.0,65.0,10.0,0.0,0.0,1.0
310000.0,12.503487,1.7739415823481978E-6,310000.0,82.91451612903225,74.37027045997847,74.31302559725307,74.30405293952126,310000.0,1019120.0,137.0,69.0,69.0,10.0,0.0,0.0,1.0
320000.0,12.90322,1.8801639257392123E-6,320000.0,82.9290625,74.39195281572066,74.34099278520966,74.32386700132547,320000.0,1027184.0,137.0,69.0,69.0,10.0,0.0,0.0,1.0
330000.0,13.34584,2.000148924665733E-6,330000.0,82.94969696969697,74.42280794092963,74.38122643743058,74.3535514218906,330000.0,1047848.0,139.0,70.0,70.0,10.0,0.0,0.0,1.0
340000.0,13.746991,2.111760142515931E-6,340000.0,82.98470588235294,74.47532140248641,74.43367125975551,74.40822447435824,340000.0,1075480.0,145.0,73.0,73.0,11.0,0.0,0.0,1.0
350000.0,14.162284,2.2365464596533116E-6,350000.0,83.00999999999999,74.51360575629626,74.46780190809868,74.45200594608993,350000.0,1161488.0,155.0,78.0,78.0,11.0,0.0,0.0,1.0
360000.0,14.586975,2.3708876118395067E-6,360000.0,83.02777777777777,74.5402078353093,74.49160644431365,74.47679518776891,360000.0,1222752.0,165.0,83.0,83.0,11.0,0.0,0.0,1.0
370000.0,15.013786,2.5077552542318076E-6,370000.0,83.06783783783783,74.60028650779253,74.54803246853493,74.54203374402651,370000.0,1239560.0,165.0,83.0,83.0,11.0,0.0,0.0,1.0
380000.0,15.469584,2.6593018440467617E-6,380000.0,83.08684210526316,74.62868972305601,74.57070507240643,74.56587466164342,380000.0,1285216.0,171.0,86.0,86.0,11.0,0.0,0.0,1.0
390000.0,15.958979,2.827567394030177E-6,390000.0,83.09538461538462,74.64114796373342,74.58432761884201,74.57678099042889,390000.0,1329040.0,177.0,89.0,89.0,11.0,0.0,0.0,1.0
400000.0,16.415653,2.9897780998196043E-6,400000.0,83.09,74.6328727976134,74.57161976225741,74.57190654311009,400000.0,1373016.0,183.0,92.0,92.0,11.0,0.0,0.0,1.0
410000.0,16.833982,3.1423122632275856E-6,410000.0,83.11658536585365,74.67274498962352,74.60740186422211,74.61801621437293,410000.0,1409456.0,187.0,94.0,94.0,11.0,0.0,0.0,1.0
420000.0,17.367482,3.3397525176261037E-6,420000.0,83.13809523809523,74.70492248986918,74.63993869468376,74.64747387601534,420000.0,1430552.0,191.0,96.0,96.0,12.0,0.0,0.0,1.0
430000.0,17.891384,3.5398665795206197E-6,430000.0,83.16023255813954,74.73848425091776,74.67518160102684,74.68235376385441,430000.0,1476488.0,193.0,97.0,97.0,12.0,0.0,0.0,1.0
440000.0,18.338887,3.711712744623009E-6,440000.0,83.17295454545454,74.75768686831587,74.68907896266214,74.70257009505457,440000.0,1484384.0,193.0,97.0,97.0,12.0,0.0,0.0,1.0
450000.0,18.789279,3.8879941717017854E-6,450000.0,83.20644444444444,74.80779505975913,74.74771439264329,74.75513776423743,450000.0,1512928.0,197.0,99.0,99.0,12.0,0.0,0.0,1.0
460000.0,19.211826,4.039527642942137E-6,460000.0,83.22565217391305,74.83636810006155,74.77599401125178,74.78415455906094,460000.0,1386232.0,201.0,101.0,101.0,9.0,0.0,0.0,1.0
470000.0,19.665563,4.20693421833838E-6,470000.0,83.24829787234043,74.870540645679,74.81398309693353,74.8208295090041,470000.0,1426168.0,207.0,104.0,104.0,9.0,0.0,0.0,1.0
480000.0,20.141548,4.386975268545664E-6,480000.0,83.271875,74.90575413059577,74.85256673254054,74.85792118735615,480000.0,1462112.0,211.0,106.0,106.0,9.0,0.0,0.0,1.0
490000.0,20.636508,4.578622986233483E-6,490000.0,83.29102040816326,74.93469176204043,74.88173177810366,74.89197668106978,490000.0,1496704.0,215.0,108.0,108.0,9.0,0.0,0.0,1.0
500000.0,21.087847,4.7541261295581026E-6,500000.0,83.3158,74.97200516951314,74.91769120445954,74.93374438855534,500000.0,1503088.0,215.0,108.0,108.0,9.0,0.0,0.0,1.0
510000.0,21.544301,4.933381012854063E-6,510000.0,83.33647058823529,75.00336859183625,74.95033337066927,74.96774649629747,510000.0,1518016.0,217.0,109.0,109.0,9.0,0.0,0.0,1.0
520000.0,22.038265,5.129512346902241E-6,520000.0,83.35134615384615,75.02577908189113,74.9674706947103,74.98815467110433,520000.0,1534808.0,219.0,110.0,110.0,9.0,0.0,0.0,1.0
530000.0,22.555917,5.336725781876594E-6,530000.0,83.37245283018868,75.05736872334042,75.00262380829464,75.01920487562894,530000.0,1547328.0,223.0,112.0,112.0,9.0,0.0,0.0,1.0
540000.0,23.066744,5.546887596348921E-6,540000.0,83.38851851851852,75.08157312091292,75.02763046171405,75.04527637366154,540000.0,1590312.0,229.0,115.0,115.0,9.0,0.0,0.0,1.0
550000.0,23.580716,5.7687198931972185E-6,550000.0,83.40963636363637,75.11318247910064,75.06149422774182,75.08124464058463,550000.0,1668352.0,241.0,121.0,121.0,10.0,0.0,0.0,1.0
560000.0,24.053955,5.979942189113547E-6,560000.0,83.42089285714286,75.13019468345672,75.07958492368974,75.1031079885227,560000.0,1725288.0,247.0,124.0,124.0,10.0,0.0,0.0,1.0
570000.0,24.538853,6.2039701579076545E-6,570000.0,83.43105263157895,75.14548034007672,75.09939886099978,75.11534215317648,570000.0,1785888.0,255.0,128.0,128.0,10.0,0.0,0.0,1.0
580000.0,25.014596,6.43067046959574E-6,580000.0,83.4346551724138,75.15111511847643,75.1053912106192,75.1226661073869,580000.0,1841968.0,263.0,132.0,132.0,10.0,0.0,0.0,1.0
590000.0,25.475569,6.6560043263104224E-6,590000.0,83.45203389830509,75.17707409919558,75.14042440507413,75.1496624958003,590000.0,1889528.0,267.0,134.0,134.0,10.0,0.0,0.0,1.0
600000.0,26.032122,6.933361756987869E-6,600000.0,83.46133333333333,75.19102311738469,75.1608268376813,75.16617281973252,600000.0,1926352.0,269.0,135.0,135.0,10.0,0.0,0.0,1.0
610000.0,26.570123,7.2071991833258005E-6,610000.0,83.46688524590164,75.19947192194844,75.16878000738643,75.17263110732546,610000.0,1967488.0,275.0,138.0,138.0,10.0,0.0,0.0,1.0
620000.0,27.117079,7.488628335218462E-6,620000.0,83.47806451612904,75.21623621847276,75.18147017492853,75.19036639476082,620000.0,1988928.0,279.0,140.0,140.0,10.0,0.0,0.0,1.0
630000.0,27.6818,7.783915312865542E-6,630000.0,83.48031746031747,75.21990868639608,75.18615036514798,75.19573097923882,630000.0,2021216.0,281.0,141.0,141.0,10.0,0.0,0.0,1.0
640000.0,28.277379,8.104879293592853E-6,640000.0,83.49203125,75.2374517123813,75.20290474156343,75.21622553607746,640000.0,2083144.0,289.0,145.0,145.0,10.0,0.0,0.0,1.0
650000.0,28.874543,8.430197499901469E-6,650000.0,83.50369230769232,75.2549343240257,75.22550414964606,75.23088366420114,650000.0,2105800.0,291.0,146.0,146.0,10.0,0.0,0.0,1.0
660000.0,29.457084,8.717630587042205E-6,660000.0,83.50742424242425,75.26047444519224,75.2330483889684,75.23733043357592,660000.0,1907272.0,297.0,149.0,149.0,10.0,0.0,0.0,1.0
670000.0,29.950006,8.963343905425732E-6,670000.0,83.51761194029851,75.27587501594684,75.24362495096116,75.2511704104112,670000.0,1926872.0,301.0,151.0,151.0,10.0,0.0,0.0,1.0
680000.0,30.43731,9.21311977262298E-6,680000.0,83.52352941176471,75.28477639560751,75.2500071793535,75.26426874608123,680000.0,1981312.0,307.0,154.0,154.0,10.0,0.0,0.0,1.0
690000.0,30.88724,9.445010955805577E-6,690000.0,83.52608695652174,75.28873280277692,75.25540247250056,75.26896926842535,690000.0,1992240.0,307.0,154.0,154.0,10.0,0.0,0.0,1.0
700000.0,31.387639,9.707191736257322E-6,700000.0,83.53714285714285,75.3051055788426,75.2755327753665,75.28194964587382,700000.0,2025288.0,311.0,156.0,156.0,10.0,0.0,0.0,1.0
710000.0,31.931583,9.994835397507994E-6,710000.0,83.54802816901409,75.32151134853844,75.29430924573076,75.29937682253505,710000.0,2044104.0,313.0,157.0,157.0,10.0,0.0,0.0,1.0
720000.0,32.486131,1.0298343528962382E-5,720000.0,83.5525,75.3283354672065,75.29849065104752,75.3078645687811,720000.0,2115600.0,325.0,163.0,163.0,11.0,0.0,0.0,1.0
730000.0,33.067354,1.0624743890321502E-5,730000.0,83.55356164383562,75.33003233511792,75.30158403620653,75.30691786386402,730000.0,2170752.0,333.0,167.0,167.0,11.0,0.0,0.0,1.0
740000.0,33.565045,1.0911722006338337E-5,740000.0,83.55256756756756,75.32866060321932,75.29839159774723,75.30370451534097,740000.0,2228904.0,339.0,170.0,170.0,11.0,0.0,0.0,1.0
750000.0,34.05342,1.1199689960014073E-5,750000.0,83.5596,75.33937518319122,75.30655772176995,75.31644429319267,750000.0,2279256.0,345.0,173.0,173.0,11.0,0.0,0.0,1.0
760000.0,34.549067,1.149588691331032E-5,760000.0,83.56723684210526,75.35083622829353,75.31798921722083,75.32720509066915,760000.0,2309992.0,349.0,175.0,175.0,11.0,0.0,0.0,1.0
770000.0,35.046868,1.1801153611724987E-5,770000.0,83.57220779220779,75.35821505914089,75.32373286722563,75.3358096185156,770000.0,2370424.0,357.0,179.0,179.0,11.0,0.0,0.0,1.0
780000.0,35.555383,1.211575202512658E-5,780000.0,83.5776923076923,75.36648632952902,75.33314333251171,75.34078855420178,780000.0,2391416.0,359.0,180.0,180.0,11.0,0.0,0.0,1.0
790000.0,36.062868,1.2430850685917667E-5,790000.0,83.59177215189874,75.3874385474469,75.35501141702268,75.35777563171541,790000.0,2400080.0,361.0,181.0,181.0,11.0,0.0,0.0,1.0
800000.0,36.566466,1.2753207972554695E-5,800000.0,83.59575,75.3935266758391,75.35743122711483,75.36284395316399,800000.0,2474320.0,371.0,186.0,186.0,11.0,0.0,0.0,1.0
810000.0,37.041334,1.3061548359601033E-5,810000.0,83.5969135802469,75.39543073746165,75.36082990414342,75.36658576966786,810000.0,2509920.0,375.0,188.0,188.0,11.0,0.0,0.0,1.0
820000.0,37.53496,1.3388565081130298E-5,820000.0,83.60170731707316,75.4026140703696,75.36770026360477,75.37852501130676,820000.0,2560792.0,381.0,191.0,191.0,11.0,0.0,0.0,1.0
830000.0,38.03808,1.3723052164518997E-5,830000.0,83.60831325301204,75.41268898684717,75.38144456749106,75.39026181457723,830000.0,2569864.0,381.0,191.0,191.0,11.0,0.0,0.0,1.0
840000.0,38.531143,1.4053252164858082E-5,840000.0,83.6170238095238,75.42564472641826,75.39697863591668,75.40155222770773,840000.0,2588672.0,383.0,192.0,192.0,11.0,0.0,0.0,1.0
850000.0,39.021023,1.4383596650018459E-5,850000.0,83.63070588235294,75.44635166102755,75.41479222399309,75.42373779479718,850000.0,2606632.0,385.0,193.0,193.0,11.0,0.0,0.0,1.0
860000.0,39.508201,1.4715820420951477E-5,860000.0,83.64162790697675,75.46261778938165,75.43041569301379,75.4356066889352,860000.0,2636000.0,389.0,195.0,195.0,11.0,0.0,0.0,1.0
870000.0,40.014151,1.5065633943412038E-5,870000.0,83.65494252873563,75.48262932003247,75.45020276604303,75.45880346954483,870000.0,2672584.0,395.0,198.0,198.0,11.0,0.0,0.0,1.0
880000.0,40.516182,1.5415421624746588E-5,880000.0,83.65965909090909,75.48970180428493,75.45829557226998,75.4638651045808,880000.0,2693248.0,397.0,199.0,199.0,11.0,0.0,0.0,1.0
890000.0,41.027596,1.5777211516172522E-5,890000.0,83.67022471910113,75.50564309622943,75.47485976955633,75.4816038221267,890000.0,2734552.0,403.0,202.0,202.0,11.0,0.0,0.0,1.0
900000.0,41.534708,1.6139768855344092E-5,900000.0,83.67544444444445,75.5134519251571,75.48346079332792,75.49012738640991,900000.0,2763600.0,407.0,204.0,204.0,11.0,0.0,0.0,1.0
910000.0,42.063581,1.6522293001098768E-5,910000.0,83.68087912087913,75.52170778925375,75.49398504925826,75.50332304555602,910000.0,2795824.0,411.0,206.0,206.0,11.0,0.0,0.0,1.0
920000.0,42.571793,1.6892721694542306E-5,920000.0,83.69130434782609,75.5372784782067,75.50911144627479,75.5166246752738,920000.0,2817488.0,413.0,207.0,207.0,11.0,0.0,0.0,1.0
930000.0,43.074366,1.7262391491201194E-5,930000.0,83.69741935483871,75.54648474667906,75.51742123425372,75.52726134019454,930000.0,2843264.0,419.0,210.0,210.0,11.0,0.0,0.0,1.0
940000.0,43.569502,1.7632467832234174E-5,940000.0,83.70234042553192,75.55386448097593,75.52602949375601,75.53607358436332,940000.0,2889144.0,423.0,212.0,212.0,11.0,0.0,0.0,1.0
950000.0,44.056228,1.8000294715604853E-5,950000.0,83.70421052631579,75.55671074005188,75.52995253307114,75.53988889380449,950000.0,2921200.0,427.0,214.0,214.0,11.0,0.0,0.0,1.0
960000.0,44.543949,1.8371458585152614E-5,960000.0,83.71177083333333,75.56802742264293,75.54423220991357,75.54897413805234,960000.0,2941688.0,429.0,215.0,215.0,11.0,0.0,0.0,1.0
970000.0,45.026976,1.8743874675577718E-5,970000.0,83.72154639175258,75.5826769509429,75.55905029169524,75.5641942657466,970000.0,2980296.0,435.0,218.0,218.0,11.0,0.0,0.0,1.0
980000.0,45.507317,1.9116153403917954E-5,980000.0,83.72928571428572,75.59427509867004,75.5679258639552,75.57582228049672,980000.0,2995856.0,439.0,220.0,220.0,11.0,0.0,0.0,1.0
990000.0,45.99761,1.950339129865791E-5,990000.0,83.73373737373737,75.60101807908899,75.57599702730782,75.58255194750056,990000.0,3052984.0,445.0,223.0,223.0,11.0,0.0,0.0,1.0
1000000.0,46.47884,1.9887547602510708E-5,1000000.0,83.7414,75.61238211915844,75.58886059528672,75.59193894156576,1000000.0,3085728.0,449.0,225.0,225.0,11.0,0.0,0.0,1.0
