learning evaluation instances,evaluation time (cpu seconds),model cost (RAM-Hours),classified instances,classifications correct (percent),Kappa Statistic (percent),Kappa Temporal Statistic (percent),Kappa M Statistic (percent),model training instances,model serialized size (bytes),tree size (nodes),tree size (leaves),active learning leaves,tree depth,active leaf byte size estimate,inactive leaf byte size estimate,byte size estimate overhead
10000.0,0.601787,6.932240480350124E-9,10000.0,79.11,68.66794082707398,68.97831897831898,68.3052647549689,10000.0,44528.0,5.0,3.0,3.0,2.0,0.0,0.0,1.0
20000.0,1.055088,1.445811462071207E-8,20000.0,79.03,68.548683263703,68.74813710879283,68.4139177586986,20000.0,64176.0,7.0,4.0,4.0,2.0,0.0,0.0,1.0
30000.0,1.430188,2.4612237728304334E-8,30000.0,78.78666666666668,68.18817850118913,68.32727815657196,67.99436733051701,30000.0,104640.0,13.0,7.0,7.0,3.0,0.0,0.0,1.0
40000.0,1.775866,3.595231523530351E-8,40000.0,79.715,69.57512195894294,69.75096928124069,69.3244111753809,40000.0,126808.0,15.0,8.0,8.0,3.0,0.0,0.0,1.0
50000.0,2.124343,5.027554569558965E-8,50000.0,80.216,70.32715491184287,70.48485752648068,70.11570647412464,50000.0,158880.0,19.0,10.0,10.0,4.0,0.0,0.0,1.0
60000.0,2.460918,6.690145855562555E-8,60000.0,80.56833333333333,70.85706451227077,71.01769911504424,70.68688087695479,60000.0,190944.0,23.0,12.0,12.0,4.0,0.0,0.0,1.0
70000.0,2.839129,8.90187761394514E-8,70000.0,80.90857142857143,71.36821832126886,71.49682207908545,71.17342536669543,70000.0,226048.0,27.0,14.0,14.0,4.0,0.0,0.0,1.0
80000.0,3.201311,1.1169338780558771E-7,80000.0,81.1575,71.74214556642153,71.8527094147963,71.5332464638453,80000.0,242000.0,29.0,15.0,15.0,4.0,0.0,0.0,1.0
90000.0,3.560556,1.3459007545063892E-7,90000.0,81.47555555555556,72.21684609125275,72.30380756196425,72.07697589897332,90000.0,246368.0,29.0,15.0,15.0,4.0,0.0,0.0,1.0
100000.0,3.940671,1.6259696130330363E-7,100000.0,81.632,72.45020681419612,72.55107072941107,72.353587501317,100000.0,284808.0,35.0,18.0,18.0,5.0,0.0,0.0,1.0
110000.0,4.32621,1.9994650463263193E-7,110000.0,81.75181818181818,72.63118194363132,72.72393738449831,72.50650595808793,110000.0,374472.0,47.0,24.0,24.0,5.0,0.0,0.0,1.0
120000.0,4.710874,2.395175911651717E-7,120000.0,81.86333333333333,72.79875023630493,72.88279196102617,72.66138250700297,120000.0,397648.0,49.0,25.0,25.0,5.0,0.0,0.0,1.0
130000.0,5.120123,2.821869547375374E-7,130000.0,81.99538461538461,72.9956043076129,73.06838187069233,72.89278020985338,130000.0,403024.0,49.0,25.0,25.0,5.0,0.0,0.0,1.0
140000.0,5.517345,3.279651992022991E-7,140000.0,82.125,73.18958336087584,73.25760328282288,73.09920775688778,140000.0,445480.0,55.0,28.0,28.0,7.0,0.0,0.0,1.0
150000.0,5.968384,3.8186579110307824E-7,150000.0,82.18333333333334,73.2769896100741,73.33579438879354,73.1913570339459,150000.0,461936.0,57.0,29.0,29.0,7.0,0.0,0.0,1.0
160000.0,6.395969,4.3828111413659316E-7,160000.0,82.26,73.3908858189702,73.4309329688948,73.3395951721223,160000.0,510008.0,61.0,31.0,31.0,7.0,0.0,0.0,1.0
170000.0,6.813022,4.952635787158377E-7,170000.0,82.29058823529411,73.43726845647585,73.48610279353225,73.37354512328864,170000.0,528144.0,63.0,32.0,32.0,7.0,0.0,0.0,1.0
180000.0,7.238068,5.553314862379597E-7,180000.0,82.375,73.56355363925661,73.62250879249707,73.50996142348991,180000.0,546272.0,65.0,33.0,33.0,7.0,0.0,0.0,1.0
190000.0,7.667157,6.202191619057621E-7,190000.0,82.46421052631578,73.69739677218534,73.76700680272107,73.64269949133367,190000.0,584544.0,71.0,36.0,36.0,7.0,0.0,0.0,1.0
200000.0,8.068335,6.790685981615549E-7,200000.0,82.5135,73.77084893479582,73.83905328984768,73.7307804976978,200000.0,567032.0,70.0,32.0,32.0,7.0,0.0,0.0,1.0
210000.0,8.449402,7.385602591828339E-7,210000.0,82.56380952380952,73.84591064065374,73.91075105629538,73.81166945600711,210000.0,603472.0,74.0,34.0,34.0,7.0,0.0,0.0,1.0
220000.0,8.875039,8.099651947327786E-7,220000.0,82.62636363636364,73.93956122111092,73.99280110500996,73.89813841047842,220000.0,648472.0,80.0,37.0,37.0,7.0,0.0,0.0,1.0
230000.0,9.295455,8.842748187689317E-7,230000.0,82.67304347826087,74.00911565738845,74.06920604349126,73.9590684544813,230000.0,683232.0,84.0,39.0,39.0,7.0,0.0,0.0,1.0
240000.0,9.706728,9.603628714589608E-7,240000.0,82.70541666666666,74.05757893230404,74.11942960113231,74.00874160905721,240000.0,715136.0,88.0,41.0,41.0,7.0,0.0,0.0,1.0
250000.0,10.106053,1.0373437722544703E-6,250000.0,82.7428,74.11382882357583,74.18055597115413,74.07162560925039,250000.0,745176.0,92.0,43.0,43.0,8.0,0.0,0.0,1.0
260000.0,10.506921,1.1191146224261157E-6,260000.0,82.77807692307692,74.16691156001902,74.23721987284601,74.12840750199338,260000.0,788496.0,98.0,46.0,46.0,8.0,0.0,0.0,1.0
270000.0,10.906524,1.2029712087681724E-6,270000.0,82.83481481481482,74.25194707619758,74.30959745457368,74.21655512347637,270000.0,811168.0,100.0,47.0,47.0,8.0,0.0,0.0,1.0
280000.0,11.300436,1.2875330553224518E-6,280000.0,82.84321428571428,74.26463907121776,74.32689532808173,74.22302590629091,280000.0,829808.0,102.0,48.0,48.0,8.0,0.0,0.0,1.0
290000.0,11.701378,1.375256990875221E-6,290000.0,82.87620689655174,74.31376832960464,74.37444204203585,74.26648149491642,290000.0,845744.0,104.0,49.0,49.0,8.0,0.0,0.0,1.0
300000.0,12.121891,1.4759206608165469E-6,300000.0,82.90433333333334,74.35596766878226,74.4127918579126,74.3031790966255,300000.0,925328.0,116.0,55.0,55.0,8.0,0.0,0.0,1.0
310000.0,12.540933,1.5828744792710575E-6,310000.0,82.95483870967742,74.43199714251485,74.47836166924266,74.37911539095606,310000.0,986600.0,124.0,59.0,59.0,9.0,0.0,0.0,1.0
320000.0,12.93686,1.6874880900482336E-6,320000.0,82.963125,74.44445334979949,74.48901284019017,74.38990590810656,320000.0,1021352.0,128.0,61.0,61.0,9.0,0.0,0.0,1.0
330000.0,13.367701,1.8087143289918701E-6,330000.0,83.00484848484848,74.5066918615445,74.56369507637602,74.45304350598771,330000.0,1087632.0,138.0,66.0,66.0,9.0,0.0,0.0,1.0
340000.0,13.785193,1.930318129795293E-6,340000.0,83.01088235294117,74.51514742859771,74.5624851372656,74.45030763310496,340000.0,1125904.0,142.0,68.0,68.0,9.0,0.0,0.0,1.0
350000.0,14.195492,2.054494626776626E-6,350000.0,83.038,74.55590537365536,74.59735391777635,74.49147954316946,350000.0,1169880.0,148.0,71.0,71.0,9.0,0.0,0.0,1.0
360000.0,14.616788,2.185517536060264E-6,360000.0,83.06166666666667,74.59120760324282,74.63150406250391,74.52584262152634,360000.0,1202160.0,150.0,72.0,72.0,9.0,0.0,0.0,1.0
370000.0,15.046899,2.322830975937347E-6,370000.0,83.08702702702703,74.62935148329275,74.66744391278651,74.56540736074135,370000.0,1234056.0,154.0,74.0,74.0,9.0,0.0,0.0,1.0
380000.0,15.476984,2.4627147534572417E-6,380000.0,83.1121052631579,74.66721992978323,74.70107977907698,74.6062774023014,380000.0,1257232.0,156.0,75.0,75.0,9.0,0.0,0.0,1.0
390000.0,15.914678,2.608172260568374E-6,390000.0,83.14564102564103,74.71729808337332,74.7559392594072,74.6525581897549,390000.0,1284600.0,160.0,77.0,77.0,9.0,0.0,0.0,1.0
400000.0,16.356406,2.7620124786885253E-6,400000.0,83.161,74.74054946793188,74.77794586822041,74.6733396252665,400000.0,1346224.0,168.0,81.0,81.0,9.0,0.0,0.0,1.0
410000.0,16.821229,2.9277112652899496E-6,410000.0,83.18731707317073,74.78020391040077,74.81816488088933,74.7177700348432,410000.0,1377952.0,172.0,83.0,83.0,9.0,0.0,0.0,1.0
420000.0,17.263274,3.089207640604841E-6,420000.0,83.22166666666668,74.8318353853899,74.87413714416111,74.7691525508688,420000.0,1412208.0,176.0,85.0,85.0,9.0,0.0,0.0,1.0
430000.0,17.692607,3.248186123989937E-6,430000.0,83.24488372093023,74.86671125565,74.90412314037206,74.80662712954933,430000.0,1431352.0,178.0,86.0,86.0,9.0,0.0,0.0,1.0
440000.0,18.11881,3.4080590580900514E-6,440000.0,83.27250000000001,74.907906166558,74.93896563348054,74.84337135259477,440000.0,1449976.0,180.0,87.0,87.0,9.0,0.0,0.0,1.0
450000.0,18.549613,3.57152716656526E-6,450000.0,83.29933333333334,74.94819715875057,74.98468851105756,74.88378155276536,450000.0,1466752.0,182.0,88.0,88.0,10.0,0.0,0.0,1.0
460000.0,18.978419,3.7377562901336293E-6,460000.0,83.31869565217391,74.97706654089869,75.01627943321525,74.91401969374012,460000.0,1498472.0,186.0,90.0,90.0,10.0,0.0,0.0,1.0
470000.0,19.405188,3.905214853669621E-6,470000.0,83.34659574468085,75.01887381971095,75.05592983753259,74.955844521521,470000.0,1516760.0,188.0,91.0,91.0,10.0,0.0,0.0,1.0
480000.0,19.842027,4.082123395146596E-6,480000.0,83.3675,75.05041696428457,75.08441886738281,74.99475377180318,480000.0,1565416.0,196.0,95.0,95.0,10.0,0.0,0.0,1.0
490000.0,20.288475,4.267440629940894E-6,490000.0,83.37489795918367,75.06152133070442,75.09781984030911,75.00782318977524,490000.0,1604528.0,200.0,97.0,97.0,11.0,0.0,0.0,1.0
500000.0,20.753231,4.4666950855652494E-6,500000.0,83.3912,75.08599950409537,75.13198518292262,75.03044371145675,500000.0,1657240.0,208.0,101.0,101.0,11.0,0.0,0.0,1.0
510000.0,21.223803,4.675475551154879E-6,510000.0,83.39627450980393,75.09369363129225,75.14127776750303,75.03942508644043,510000.0,1715008.0,216.0,105.0,105.0,11.0,0.0,0.0,1.0
520000.0,21.690844,4.8840696961267125E-6,520000.0,83.4201923076923,75.12949843791542,75.1789996746769,75.07401325299811,520000.0,1726432.0,216.0,105.0,105.0,11.0,0.0,0.0,1.0
530000.0,22.255813,5.1458712063626285E-6,530000.0,83.44641509433963,75.16876942371944,75.21092218059347,75.11304002496242,530000.0,1791224.0,226.0,110.0,110.0,11.0,0.0,0.0,1.0
540000.0,22.710733,5.355524605998976E-6,540000.0,83.47185185185185,75.20694211130946,75.2478624893575,75.14813329769223,540000.0,1781432.0,230.0,112.0,112.0,11.0,0.0,0.0,1.0
550000.0,23.174324,5.573904194422066E-6,550000.0,83.47672727272727,75.21424882675525,75.2536502213823,75.15372059897037,550000.0,1820872.0,236.0,115.0,115.0,11.0,0.0,0.0,1.0
560000.0,23.620507,5.787612877179765E-6,560000.0,83.48964285714285,75.23372079616848,75.27206399554962,75.17632813276091,560000.0,1851448.0,238.0,116.0,116.0,11.0,0.0,0.0,1.0
570000.0,24.091459,6.014085799594307E-6,570000.0,83.5098245614035,75.26402458648079,75.30256291679588,75.20594884185927,570000.0,1858840.0,238.0,116.0,116.0,11.0,0.0,0.0,1.0
580000.0,24.57872,6.255966749754217E-6,580000.0,83.5206896551724,75.2802725255237,75.31807864231355,75.21946767745379,580000.0,1918856.0,250.0,122.0,122.0,11.0,0.0,0.0,1.0
590000.0,25.031719,6.489172480998354E-6,590000.0,83.5228813559322,75.28378167406633,75.31831164709615,75.22894402910913,590000.0,1989960.0,256.0,125.0,125.0,11.0,0.0,0.0,1.0
600000.0,25.489666,6.729421682411599E-6,600000.0,83.53466666666667,75.30148539327564,75.33480470973606,75.24680036481354,600000.0,2027912.0,260.0,127.0,127.0,11.0,0.0,0.0,1.0
610000.0,25.989713,6.995710800515696E-6,610000.0,83.54,75.30949330753954,75.3412478940621,75.25336672121774,610000.0,2058472.0,264.0,129.0,129.0,11.0,0.0,0.0,1.0
620000.0,26.508546,7.2767597634738525E-6,620000.0,83.56258064516129,75.34354686623432,75.37387908766013,75.29130521221761,620000.0,2093904.0,268.0,131.0,131.0,11.0,0.0,0.0,1.0
630000.0,27.009212,7.551706304970302E-6,630000.0,83.58285714285715,75.37398023502534,75.40216326258815,75.32134412155602,630000.0,2122768.0,272.0,133.0,133.0,11.0,0.0,0.0,1.0
640000.0,27.559738,7.85813806090711E-6,640000.0,83.5903125,75.38530401966268,75.41360864323255,75.33803299784428,640000.0,2151584.0,278.0,136.0,136.0,11.0,0.0,0.0,1.0
650000.0,28.088787,8.157113311164496E-6,650000.0,83.59630769230769,75.39439125290414,75.42597300231164,75.349616802876,650000.0,2184448.0,284.0,139.0,139.0,11.0,0.0,0.0,1.0
660000.0,28.600917,8.45357782813203E-6,660000.0,83.61075757575757,75.41602598633375,75.45284551738537,75.37085231710121,660000.0,2237664.0,284.0,139.0,139.0,11.0,0.0,0.0,1.0
670000.0,29.076024,8.733169764160282E-6,670000.0,83.61940298507463,75.4291061229149,75.47157160736634,75.38619563657242,670000.0,2274760.0,288.0,141.0,141.0,11.0,0.0,0.0,1.0
680000.0,29.583056,9.034545950951675E-6,680000.0,83.63573529411765,75.4537469310152,75.49213075327171,75.41035409337601,680000.0,2297608.0,290.0,142.0,142.0,11.0,0.0,0.0,1.0
690000.0,30.043207,9.298594045119566E-6,690000.0,83.64594202898552,75.46915898463573,75.50879112054504,75.42339289292343,690000.0,2218120.0,283.0,131.0,131.0,11.0,0.0,0.0,1.0
700000.0,30.526352,9.577766613546344E-6,700000.0,83.65557142857143,75.48370441708468,75.52360333223514,75.43557934468255,700000.0,2233560.0,285.0,132.0,132.0,11.0,0.0,0.0,1.0
710000.0,31.033925,9.872466095849457E-6,710000.0,83.67267605633802,75.50937333688282,75.55026870154302,75.46150964084694,710000.0,2244312.0,285.0,132.0,132.0,11.0,0.0,0.0,1.0
720000.0,31.553234,1.017614521106291E-5,720000.0,83.67944444444444,75.51945215263885,75.55705323415371,75.47425389411025,720000.0,2260432.0,287.0,133.0,133.0,11.0,0.0,0.0,1.0
730000.0,32.046747,1.0468038509473617E-5,730000.0,83.69246575342466,75.53894238306138,75.57214471418928,75.49546322827125,730000.0,2286272.0,291.0,135.0,135.0,12.0,0.0,0.0,1.0
740000.0,32.560498,1.0773301032245572E-5,740000.0,83.70243243243243,75.5538200937797,75.58654083619771,75.51178704136125,740000.0,2296800.0,293.0,136.0,136.0,12.0,0.0,0.0,1.0
750000.0,33.086353,1.1089479761196092E-5,750000.0,83.70826666666666,75.56267516369117,75.59134866048865,75.51637077706087,750000.0,2324176.0,297.0,138.0,138.0,12.0,0.0,0.0,1.0
760000.0,33.647914,1.1433489230471766E-5,760000.0,83.72407894736841,75.58647608600411,75.61453070139989,75.53828933941891,760000.0,2367968.0,303.0,141.0,141.0,12.0,0.0,0.0,1.0
770000.0,34.167627,1.175636313813221E-5,770000.0,83.7335064935065,75.60069184994946,75.6251252780443,75.5507579632008,770000.0,2401440.0,305.0,142.0,142.0,12.0,0.0,0.0,1.0
780000.0,34.68311,1.2078459052280004E-5,780000.0,83.73974358974358,75.61009717491446,75.6382872465483,75.55904140105295,780000.0,2415312.0,309.0,144.0,144.0,12.0,0.0,0.0,1.0
790000.0,35.225185,1.2424524723307953E-5,790000.0,83.75215189873417,75.62869971148345,75.65939306824237,75.57848833890797,790000.0,2467752.0,315.0,147.0,147.0,12.0,0.0,0.0,1.0
800000.0,35.771221,1.2777958132467334E-5,800000.0,83.76362499999999,75.64587615576667,75.67689032120339,75.59715036127737,800000.0,2502008.0,319.0,149.0,149.0,12.0,0.0,0.0,1.0
810000.0,36.302873,1.3124922192311946E-5,810000.0,83.76777777777778,75.65209084771261,75.68152435065836,75.60436624343866,810000.0,2522664.0,321.0,150.0,150.0,12.0,0.0,0.0,1.0
820000.0,36.841111,1.3478826641154783E-5,820000.0,83.77804878048781,75.66747209000589,75.69927163581424,75.61950146627565,820000.0,2541640.0,323.0,151.0,151.0,12.0,0.0,0.0,1.0
830000.0,37.360278,1.3822694965574059E-5,830000.0,83.79265060240964,75.6893085928326,75.71884465013518,75.64159440260603,830000.0,2560280.0,325.0,152.0,152.0,12.0,0.0,0.0,1.0
840000.0,37.863816,1.4161379378684276E-5,840000.0,83.80904761904762,75.7138810721477,75.74441067785244,75.66463997251616,840000.0,2599952.0,335.0,157.0,157.0,13.0,0.0,0.0,1.0
850000.0,38.359281,1.4502089624222778E-5,850000.0,83.8095294117647,75.7145979294051,75.7474772752105,75.66444918356302,850000.0,2658120.0,339.0,159.0,159.0,13.0,0.0,0.0,1.0
860000.0,38.87932,1.4866947083042724E-5,860000.0,83.81976744186046,75.72992657548858,75.76417312548985,75.68162236696546,860000.0,2712000.0,347.0,163.0,163.0,13.0,0.0,0.0,1.0
870000.0,39.400741,1.523960399901908E-5,870000.0,83.82011494252873,75.7302841897344,75.76635575158468,75.68014899612477,870000.0,2762632.0,357.0,168.0,168.0,13.0,0.0,0.0,1.0
880000.0,39.93555,1.5630313207438834E-5,880000.0,83.82659090909091,75.73998893223143,75.7756585587533,75.68847300939831,880000.0,2823952.0,363.0,171.0,171.0,13.0,0.0,0.0,1.0
890000.0,40.419839,1.5987368029916863E-5,890000.0,83.83741573033709,75.75614582970007,75.79425444412287,75.70320298763095,890000.0,2849920.0,367.0,173.0,173.0,13.0,0.0,0.0,1.0
900000.0,40.987122,1.6410649048828826E-5,900000.0,83.84022222222222,75.76037220220495,75.79555080690929,75.71058050573592,900000.0,2884240.0,369.0,174.0,174.0,13.0,0.0,0.0,1.0
910000.0,41.545754,1.6832706650886682E-5,910000.0,83.84626373626374,75.76940129725496,75.8008810514671,75.72178629411191,910000.0,2920440.0,377.0,178.0,178.0,13.0,0.0,0.0,1.0
920000.0,42.104492,1.726043537424877E-5,920000.0,83.84130434782608,75.76205034156168,75.79438415383738,75.7177205430763,920000.0,2959120.0,379.0,179.0,179.0,13.0,0.0,0.0,1.0
930000.0,42.6254,1.76622551815398E-5,930000.0,83.85408602150538,75.7812832163544,75.81253372637141,75.7396908590641,930000.0,2981760.0,381.0,180.0,180.0,13.0,0.0,0.0,1.0
940000.0,43.11334,1.8045254454432674E-5,940000.0,83.86648936170212,75.7999725214309,75.82979252397816,75.76071911491582,940000.0,3034128.0,389.0,184.0,184.0,13.0,0.0,0.0,1.0
950000.0,43.61265,1.8443030395422957E-5,950000.0,83.8738947368421,75.81104793595782,75.84050741904808,75.77077461781535,950000.0,3079432.0,395.0,187.0,187.0,13.0,0.0,0.0,1.0
960000.0,44.178861,1.890194501235667E-5,960000.0,83.87822916666666,75.81747380578275,75.84553653782227,75.77366063182676,960000.0,3132968.0,403.0,191.0,191.0,13.0,0.0,0.0,1.0
970000.0,44.692001,1.9320899832170044E-5,970000.0,83.8881443298969,75.83225111987824,75.8603752426937,75.7879733843544,970000.0,3155976.0,405.0,192.0,192.0,13.0,0.0,0.0,1.0
980000.0,45.227787,1.976182034643574E-5,980000.0,83.8926530612245,75.83902918332367,75.86851603572974,75.79699478687519,980000.0,3181056.0,405.0,192.0,192.0,13.0,0.0,0.0,1.0
990000.0,45.739885,2.018882920563221E-5,990000.0,83.89444444444445,75.841641411421,75.87054888845172,75.79902160929032,990000.0,3223192.0,411.0,195.0,195.0,13.0,0.0,0.0,1.0
1000000.0,46.28468,2.0650885406562853E-5,1000000.0,83.8968,75.84506753896399,75.87289791319566,75.79994589883083,1000000.0,3278416.0,419.0,199.0,199.0,13.0,0.0,0.0,1.0
