learning evaluation instances,evaluation time (cpu seconds),model cost (RAM-Hours),classified instances,classifications correct (percent),Kappa Statistic (percent),Kappa Temporal Statistic (percent),Kappa M Statistic (percent),model training instances,model serialized size (bytes),tree size (nodes),tree size (leaves),active learning leaves,tree depth,active leaf byte size estimate,inactive leaf byte size estimate,byte size estimate overhead
10000.0,0.448025,2.968079565713803E-9,10000.0,80.17,70.26494875344606,69.835716458777,69.88153098420412,10000.0,25608.0,3.0,2.0,2.0,1.0,0.0,0.0,1.0
20000.0,0.65318,5.685879910985629E-9,20000.0,79.97,69.95044651603669,69.84796025891916,69.73634509329908,20000.0,51208.0,7.0,4.0,4.0,2.0,0.0,0.0,1.0
30000.0,0.820467,7.902022175904777E-9,30000.0,79.75333333333333,69.64607983743652,69.59046760789026,69.40975020145045,30000.0,51208.0,7.0,4.0,4.0,2.0,0.0,0.0,1.0
40000.0,0.999346,1.2009861260238621E-8,40000.0,79.705,69.56876513912816,69.59094995504945,69.39721792890263,40000.0,88768.0,13.0,7.0,7.0,3.0,0.0,0.0,1.0
50000.0,1.151447,1.553581396738688E-8,50000.0,80.33,70.50450396794227,70.5062076410964,70.32555894155628,50000.0,89608.0,13.0,7.0,7.0,3.0,0.0,0.0,1.0
60000.0,1.315697,2.037407665203015E-8,60000.0,80.73333333333333,71.10612641617243,71.0754141019867,70.93724859211584,60000.0,113864.0,17.0,9.0,9.0,4.0,0.0,0.0,1.0
70000.0,1.483372,2.6409121286123988E-8,70000.0,80.87571428571428,71.31524189424077,71.3107024988213,71.17976318622175,70000.0,139128.0,21.0,11.0,11.0,4.0,0.0,0.0,1.0
80000.0,1.652315,3.308594983278049E-8,80000.0,81.06125,71.59584662849777,71.54207362885047,71.46328141186218,80000.0,152768.0,23.0,12.0,12.0,4.0,0.0,0.0,1.0
90000.0,1.806151,3.957484987667865E-8,90000.0,81.27333333333333,71.91288440633589,71.86827126904907,71.78680237035053,90000.0,163048.0,25.0,13.0,13.0,4.0,0.0,0.0,1.0
100000.0,1.960066,4.664364568061298E-8,100000.0,81.439,72.16200779301921,72.1080155080696,72.02730807487114,100000.0,177528.0,27.0,14.0,14.0,4.0,0.0,0.0,1.0
110000.0,2.102785,5.322926110691494E-8,110000.0,81.63181818181819,72.4502789199248,72.41449928322753,72.32646688215635,110000.0,178368.0,27.0,14.0,14.0,4.0,0.0,0.0,1.0
120000.0,2.283351,6.321378910707103E-8,120000.0,81.73166666666667,72.59925594243201,72.58379189594798,72.46049094243864,120000.0,213744.0,33.0,17.0,17.0,5.0,0.0,0.0,1.0
130000.0,2.43647,7.224088737948073E-8,130000.0,81.80076923076923,72.70351822541058,72.68833837416018,72.58326187220433,130000.0,227888.0,35.0,18.0,18.0,5.0,0.0,0.0,1.0
140000.0,2.579247,8.166590327603949E-8,140000.0,81.88142857142857,72.82375999039697,72.82088096947359,72.7000731843816,140000.0,255168.0,39.0,20.0,20.0,5.0,0.0,0.0,1.0
150000.0,2.710337,9.072503564258416E-8,150000.0,81.98533333333333,72.9803645891681,72.9671868747499,72.86430142296221,150000.0,267128.0,41.0,21.0,21.0,5.0,0.0,0.0,1.0
160000.0,2.852402,1.0190450246756275E-7,160000.0,82.089375,73.1368024978754,73.12759632786639,73.01753196617892,160000.0,304184.0,47.0,24.0,24.0,5.0,0.0,0.0,1.0
170000.0,2.981767,1.1288509932657082E-7,170000.0,82.17,73.25718220745438,73.24122710218495,73.15258500810445,170000.0,328104.0,51.0,26.0,26.0,5.0,0.0,0.0,1.0
180000.0,3.107935,1.235943324615558E-7,180000.0,82.27777777777779,73.41871652541334,73.40979753102886,73.31950519809641,180000.0,328104.0,51.0,26.0,26.0,5.0,0.0,0.0,1.0
190000.0,3.241673,1.3570976241595215E-7,190000.0,82.36421052631579,73.54761898141237,73.53928280937826,73.46720616997521,190000.0,350176.0,55.0,28.0,28.0,6.0,0.0,0.0,1.0
200000.0,3.37465,1.482254857673413E-7,200000.0,82.464,73.69757848985235,73.68409205165338,73.6124173318988,200000.0,363816.0,57.0,29.0,29.0,6.0,0.0,0.0,1.0
210000.0,3.517035,1.6248921572541197E-7,210000.0,82.56714285714285,73.8519668076328,73.84118500310828,73.7746608020402,210000.0,387232.0,61.0,31.0,31.0,6.0,0.0,0.0,1.0
220000.0,3.652188,1.7649362762769063E-7,220000.0,82.63272727272727,73.94994859680709,73.95465514185605,73.87219201969431,220000.0,400536.0,63.0,32.0,32.0,6.0,0.0,0.0,1.0
230000.0,3.791321,1.9132221209713154E-7,230000.0,82.67869565217391,74.01916298417865,74.00713777737182,73.93724895000588,230000.0,411976.0,65.0,33.0,33.0,6.0,0.0,0.0,1.0
240000.0,3.924255,2.0557677963748574E-7,240000.0,82.72625000000001,74.09016637066095,74.08548782317348,74.00097832630945,240000.0,414496.0,65.0,33.0,33.0,6.0,0.0,0.0,1.0
250000.0,4.070632,2.225106693783568E-7,250000.0,82.77759999999999,74.16691878820347,74.16381638163814,74.0746762044112,250000.0,447184.0,71.0,36.0,36.0,6.0,0.0,0.0,1.0
260000.0,4.199032,2.3780066643945044E-7,260000.0,82.82307692307693,74.23475552963158,74.22713134006221,74.14237327389051,260000.0,460304.0,73.0,37.0,37.0,7.0,0.0,0.0,1.0
270000.0,4.329684,2.5340426073927016E-7,270000.0,82.8537037037037,74.28064359037236,74.26311166457266,74.19050910956003,270000.0,461648.0,73.0,37.0,37.0,7.0,0.0,0.0,1.0
280000.0,4.459763,2.68939422412465E-7,280000.0,82.90678571428572,74.36015902971636,74.33974200881416,74.27159936352298,280000.0,461648.0,73.0,37.0,37.0,7.0,0.0,0.0,1.0
290000.0,4.591293,2.846478750825756E-7,290000.0,82.94275862068966,74.41435091756858,74.3992630200651,74.32551669728961,290000.0,461648.0,73.0,37.0,37.0,7.0,0.0,0.0,1.0
300000.0,4.727809,3.0184404239265457E-7,300000.0,82.98,74.47014239533377,74.45773971506323,74.37865992262415,300000.0,486912.0,77.0,39.0,39.0,7.0,0.0,0.0,1.0
310000.0,4.880147,3.2291859173319406E-7,310000.0,82.99032258064516,74.48588556866333,74.47836251082963,74.39508199109437,310000.0,534752.0,85.0,43.0,43.0,7.0,0.0,0.0,1.0
320000.0,5.022326,3.441681784184443E-7,320000.0,83.0359375,74.55411529154607,74.54658839416332,74.47477806199217,320000.0,577720.0,93.0,47.0,47.0,7.0,0.0,0.0,1.0
330000.0,5.163257,3.6637284595312347E-7,330000.0,83.04515151515152,74.56767591029214,74.56356494699133,74.48224278606058,330000.0,609032.0,97.0,49.0,49.0,7.0,0.0,0.0,1.0
340000.0,5.302896,3.8896379407702225E-7,340000.0,83.07441176470589,74.61167508814393,74.60605338522706,74.52500265608953,340000.0,625360.0,99.0,50.0,50.0,7.0,0.0,0.0,1.0
350000.0,5.438008,4.112697649643653E-7,350000.0,83.128,74.69190773351329,74.68729906982726,74.60609605063988,350000.0,638160.0,101.0,51.0,51.0,7.0,0.0,0.0,1.0
360000.0,5.573003,4.339559426220755E-7,360000.0,83.1511111111111,74.72622101037749,74.72666666666666,74.63705091322674,360000.0,649600.0,103.0,52.0,52.0,7.0,0.0,0.0,1.0
370000.0,5.70793,4.5707748585070176E-7,370000.0,83.17297297297297,74.75899090078032,74.76061910668969,74.66933019785262,370000.0,662400.0,105.0,53.0,53.0,7.0,0.0,0.0,1.0
380000.0,5.846581,4.812963108532131E-7,380000.0,83.19657894736842,74.79423737549699,74.80438308165206,74.70767646359819,380000.0,675200.0,107.0,54.0,54.0,7.0,0.0,0.0,1.0
390000.0,5.991173,5.069374126175212E-7,390000.0,83.22666666666667,74.83936231381129,74.85489363992097,74.74392979448751,390000.0,685480.0,109.0,55.0,55.0,7.0,0.0,0.0,1.0
400000.0,6.131921,5.323262075314092E-7,400000.0,83.25,74.8744896736398,74.87992981377405,74.78178718086727,400000.0,697272.0,111.0,56.0,56.0,7.0,0.0,0.0,1.0
410000.0,6.282046,5.617093755180637E-7,410000.0,83.26634146341463,74.89929120159803,74.90021621344768,74.80796063743851,410000.0,756568.0,121.0,61.0,61.0,7.0,0.0,0.0,1.0
420000.0,6.422832,5.898529497740998E-7,420000.0,83.29285714285714,74.93863171230743,74.92979485090785,74.85234668425129,420000.0,772720.0,123.0,62.0,62.0,7.0,0.0,0.0,1.0
430000.0,6.565615,6.193599619819887E-7,430000.0,83.31162790697675,74.9669488961247,74.9586482695086,74.88344743584359,430000.0,798824.0,127.0,64.0,64.0,7.0,0.0,0.0,1.0
440000.0,6.712361,6.505427089105878E-7,440000.0,83.34022727272728,75.00970658502976,74.9967596035119,74.9268015706878,440000.0,821392.0,131.0,66.0,66.0,7.0,0.0,0.0,1.0
450000.0,6.850259,6.803618667792116E-7,450000.0,83.35333333333334,75.02964101391149,75.01150851630207,74.94833156088849,450000.0,835872.0,133.0,67.0,67.0,7.0,0.0,0.0,1.0
460000.0,7.002532,7.142648584809569E-7,460000.0,83.37782608695652,75.06633417376558,75.04194384421045,74.98454159700843,460000.0,860632.0,137.0,69.0,69.0,8.0,0.0,0.0,1.0
470000.0,7.144903,7.464157935832111E-7,470000.0,83.40553191489361,75.10779031032487,75.08680361460792,75.02881512217611,470000.0,872920.0,139.0,70.0,70.0,8.0,0.0,0.0,1.0
480000.0,7.279829,7.76944102510396E-7,480000.0,83.43145833333332,75.14662488884036,75.135843228473,75.06927899686521,480000.0,874600.0,139.0,70.0,70.0,8.0,0.0,0.0,1.0
490000.0,7.429089,8.112092543372678E-7,490000.0,83.45632653061224,75.18393858886967,75.17813235838977,75.10579362105922,490000.0,887384.0,141.0,71.0,71.0,8.0,0.0,0.0,1.0
500000.0,7.576551,8.450616449221142E-7,500000.0,83.4726,75.20839413853778,75.20270067516878,75.12776677522076,500000.0,887384.0,141.0,71.0,71.0,8.0,0.0,0.0,1.0
510000.0,7.71424,8.766704784333707E-7,510000.0,83.49509803921569,75.24202379818958,75.2362376144414,75.15708513734066,510000.0,887384.0,141.0,71.0,71.0,8.0,0.0,0.0,1.0
520000.0,7.878995,9.173355016691819E-7,520000.0,83.50942307692307,75.26364164007119,75.25337935333432,75.17759032935987,520000.0,954080.0,153.0,77.0,77.0,8.0,0.0,0.0,1.0
530000.0,8.025602,9.540767737747067E-7,530000.0,83.51811320754717,75.27679854575938,75.26734674809525,75.19634734313509,530000.0,968728.0,155.0,78.0,78.0,8.0,0.0,0.0,1.0
540000.0,8.188566,9.954710832507246E-7,540000.0,83.51777777777778,75.27668452519242,75.2637488466199,75.19778183388834,540000.0,981864.0,157.0,79.0,79.0,8.0,0.0,0.0,1.0
550000.0,8.357034,1.0409568743676774E-6,550000.0,83.53509090909091,75.30234404560959,75.28439175100165,75.22068440898171,550000.0,1043664.0,167.0,84.0,84.0,9.0,0.0,0.0,1.0
560000.0,8.509209,1.0825475181039009E-6,560000.0,83.55821428571429,75.33704619936572,75.31978084424287,75.25876801702547,560000.0,1056464.0,169.0,85.0,85.0,9.0,0.0,0.0,1.0
570000.0,8.666715,1.12691308496106E-6,570000.0,83.56894736842105,75.35329287837564,75.332193756206,75.27919357861367,570000.0,1088808.0,175.0,88.0,88.0,9.0,0.0,0.0,1.0
580000.0,8.819031,1.1704733890067373E-6,580000.0,83.5796551724138,75.36935180056135,75.35057069648265,75.29391621960964,580000.0,1105472.0,177.0,89.0,89.0,9.0,0.0,0.0,1.0
590000.0,8.976576,1.21647598264325E-6,590000.0,83.59728813559322,75.39584357534504,75.38151578593904,75.322254493713,590000.0,1128704.0,181.0,91.0,91.0,9.0,0.0,0.0,1.0
600000.0,9.134874,1.2632088729759885E-6,600000.0,83.61216666666667,75.41810525658009,75.40466107524408,75.34663196586082,600000.0,1141168.0,183.0,92.0,92.0,9.0,0.0,0.0,1.0
610000.0,9.292722,1.310840579174045E-6,610000.0,83.62360655737704,75.43522864711088,75.41414912075606,75.36248683603682,610000.0,1166432.0,187.0,94.0,94.0,9.0,0.0,0.0,1.0
620000.0,9.441518,1.356298170671281E-6,620000.0,83.63709677419355,75.45566900191926,75.435537960508,75.38619054897651,620000.0,1180912.0,189.0,95.0,95.0,9.0,0.0,0.0,1.0
630000.0,9.584343,1.4003735142739284E-6,630000.0,83.65555555555557,75.48345070793452,75.46259338250188,75.41772206293464,630000.0,1192872.0,191.0,96.0,96.0,9.0,0.0,0.0,1.0
640000.0,9.722867,1.4431817877830732E-6,640000.0,83.66796875,75.50206383001326,75.48059442404907,75.43691852882358,640000.0,1194552.0,191.0,96.0,96.0,9.0,0.0,0.0,1.0
650000.0,9.880502,1.493826337137984E-6,650000.0,83.67861538461538,75.51811501860983,75.49862353115068,75.45139636106155,650000.0,1241888.0,199.0,100.0,100.0,9.0,0.0,0.0,1.0
660000.0,10.031324,1.5422820241542327E-6,660000.0,83.69909090909091,75.54883369583101,75.530729306447,75.4855115558928,660000.0,1241888.0,199.0,100.0,100.0,9.0,0.0,0.0,1.0
670000.0,10.204936,1.5985112717954649E-6,670000.0,83.71104477611941,75.56676931133481,75.54901354554538,75.50664984940772,670000.0,1251944.0,203.0,102.0,102.0,9.0,0.0,0.0,1.0
680000.0,10.356431,1.648589382554508E-6,680000.0,83.71926470588235,75.57900769925409,75.55995602474272,75.52050626641784,680000.0,1277768.0,205.0,103.0,103.0,9.0,0.0,0.0,1.0
690000.0,10.528996,1.707692016977817E-6,690000.0,83.7163768115942,75.57452219392069,75.55357317696718,75.5168701897515,690000.0,1323904.0,213.0,107.0,107.0,9.0,0.0,0.0,1.0
700000.0,10.691936,1.7636751791938312E-6,700000.0,83.72657142857143,75.58975570673459,75.56820009737203,75.53509069588637,700000.0,1328104.0,213.0,107.0,107.0,9.0,0.0,0.0,1.0
710000.0,10.857458,1.8211291999597516E-6,710000.0,83.74732394366197,75.62071818900046,75.59905943650772,75.56299104212108,710000.0,1341736.0,215.0,108.0,108.0,9.0,0.0,0.0,1.0
720000.0,11.014034,1.8759754096447593E-6,720000.0,83.76402777777778,75.64567674066951,75.62923599398754,75.58770645688762,720000.0,1354016.0,217.0,109.0,109.0,10.0,0.0,0.0,1.0
730000.0,11.167641,1.9297816234392426E-6,730000.0,83.77287671232877,75.65899059982321,75.64371703796608,75.60132644023811,730000.0,1354016.0,217.0,109.0,109.0,10.0,0.0,0.0,1.0
740000.0,11.376022,2.00343633685261E-6,740000.0,83.78121621621621,75.67157897250925,75.65626407149433,75.61818432985,740000.0,1366296.0,219.0,110.0,110.0,10.0,0.0,0.0,1.0
750000.0,11.578419,2.075531791539656E-6,750000.0,83.792,75.68782481437518,75.66853482786229,75.63302811141936,750000.0,1376912.0,221.0,111.0,111.0,10.0,0.0,0.0,1.0
760000.0,11.76271,2.142197250171254E-6,760000.0,83.80144736842105,75.70197400699892,75.68207676869835,75.64546664899395,760000.0,1398296.0,225.0,113.0,113.0,10.0,0.0,0.0,1.0
770000.0,11.926924,2.201707106648634E-6,770000.0,83.81051948051949,75.71570111565035,75.70232083095377,75.66085810513985,770000.0,1400816.0,225.0,113.0,113.0,10.0,0.0,0.0,1.0
780000.0,12.106615,2.2674445298376183E-6,780000.0,83.81935897435898,75.72904368027278,75.71325207538746,75.67735283631562,780000.0,1414128.0,227.0,114.0,114.0,10.0,0.0,0.0,1.0
790000.0,12.267593,2.3268481338044834E-6,790000.0,83.8306329113924,75.74581467978119,75.72780667068231,75.69312036413316,790000.0,1426424.0,229.0,115.0,115.0,10.0,0.0,0.0,1.0
800000.0,12.440156,2.3924585547070533E-6,800000.0,83.846125,75.76909887517627,75.75507998716753,75.71749611986517,800000.0,1469696.0,237.0,119.0,119.0,10.0,0.0,0.0,1.0
810000.0,12.611061,2.459001258054955E-6,810000.0,83.86061728395062,75.79093398100282,75.77661618622854,75.7388993434068,810000.0,1505040.0,243.0,122.0,122.0,10.0,0.0,0.0,1.0
820000.0,12.777621,2.524323782364113E-6,820000.0,83.87841463414634,75.81750530887686,75.80586419131737,75.76599169205612,820000.0,1515984.0,245.0,123.0,123.0,10.0,0.0,0.0,1.0
830000.0,12.936959,2.587424336748404E-6,830000.0,83.88698795180723,75.83043213148942,75.81740001518892,75.77828851688245,830000.0,1530792.0,247.0,124.0,124.0,10.0,0.0,0.0,1.0
840000.0,13.104289,2.655242700028336E-6,840000.0,83.89809523809524,75.84712333890748,75.8387295576138,75.79492906126072,840000.0,1566664.0,253.0,127.0,127.0,10.0,0.0,0.0,1.0
850000.0,13.289702,2.733230049810889E-6,850000.0,83.90035294117646,75.85044071218825,75.84056719859188,75.79638450014946,850000.0,1625872.0,265.0,133.0,133.0,10.0,0.0,0.0,1.0
860000.0,13.492204,2.8212501225310063E-6,860000.0,83.90186046511627,75.8526707786779,75.84536174207066,75.7989574483706,860000.0,1680176.0,273.0,137.0,137.0,10.0,0.0,0.0,1.0
870000.0,13.644986,2.8883838073391875E-6,870000.0,83.90459770114943,75.85670092033243,75.84977639959368,75.80291201404513,870000.0,1698520.0,275.0,138.0,138.0,10.0,0.0,0.0,1.0
880000.0,13.811347,2.962528484966605E-6,880000.0,83.91375,75.87046008973797,75.86212188384545,75.81593603717496,880000.0,1722784.0,279.0,140.0,140.0,10.0,0.0,0.0,1.0
890000.0,13.989175,3.04334687742715E-6,890000.0,83.92191011235956,75.88268170994725,75.87760702894789,75.82703648707775,890000.0,1756760.0,287.0,144.0,144.0,11.0,0.0,0.0,1.0
900000.0,14.158564,3.1213781544317793E-6,900000.0,83.92211111111111,75.8830226382021,75.87790000816844,75.82728741273579,900000.0,1780680.0,291.0,146.0,146.0,11.0,0.0,0.0,1.0
910000.0,14.331783,3.2024213341685622E-6,910000.0,83.92571428571428,75.8883950919696,75.8837746848549,75.8321754115235,910000.0,1808520.0,293.0,147.0,147.0,11.0,0.0,0.0,1.0
920000.0,14.513681,3.2881752593463482E-6,920000.0,83.93489130434783,75.90219058702809,75.8980012165232,75.8465214179724,920000.0,1822336.0,295.0,148.0,148.0,11.0,0.0,0.0,1.0
930000.0,14.691009,3.3725391644384286E-6,930000.0,83.94247311827957,75.91355200204177,75.91114537999205,75.85787127000191,930000.0,1839000.0,297.0,149.0,149.0,11.0,0.0,0.0,1.0
940000.0,14.889014,3.4668520382936617E-6,940000.0,83.94159574468085,75.91220910859131,75.91232955406797,75.85719906467018,940000.0,1841184.0,297.0,149.0,149.0,11.0,0.0,0.0,1.0
950000.0,15.091828,3.5641447352680055E-6,950000.0,83.94936842105263,75.92385424024302,75.92464817975555,75.86921224129362,950000.0,1854320.0,299.0,150.0,150.0,11.0,0.0,0.0,1.0
960000.0,15.292822,3.6617557148697465E-6,960000.0,83.9571875,75.93563723042888,75.93657083126959,75.88457364935857,960000.0,1877232.0,303.0,152.0,152.0,11.0,0.0,0.0,1.0
970000.0,15.488441,3.7574211432929658E-6,970000.0,83.96690721649485,75.95025150683927,75.95122856391781,75.8999121356613,970000.0,1890368.0,305.0,153.0,153.0,11.0,0.0,0.0,1.0
980000.0,15.70018,3.861043947864737E-6,980000.0,83.9695918367347,75.95430682037586,75.95592117849627,75.90288632183785,980000.0,1891720.0,305.0,153.0,153.0,11.0,0.0,0.0,1.0
990000.0,15.88869,3.953947533100015E-6,990000.0,83.97434343434344,75.96137806323493,75.96552089803214,75.91253731071359,990000.0,1905024.0,307.0,154.0,154.0,11.0,0.0,0.0,1.0
1000000.0,16.1856,4.101232605605489E-6,1000000.0,83.9843,75.97620014428938,75.97700252894184,75.92659397612454,1000000.0,1917504.0,313.0,157.0,157.0,11.0,12078.267515923568,0.0,1.0111881739482609
