learning evaluation instances,evaluation time (cpu seconds),model cost (RAM-Hours),classified instances,classifications correct (percent),Kappa Statistic (percent),Kappa Temporal Statistic (percent),Kappa M Statistic (percent),model training instances,model serialized size (bytes),tree size (nodes),tree size (leaves),active learning leaves,tree depth,active leaf byte size estimate,inactive leaf byte size estimate,byte size estimate overhead
10000.0,0.392595,1.3078271349271139E-8,10000.0,80.4,58.55185247843006,58.684654300168646,52.13675213675214,10000.0,128768.0,38.0,30.0,30.0,3.0,0.0,0.0,1.0
20000.0,0.545593,2.1050772658652728E-8,20000.0,83.745,66.09562352380127,66.06117548804677,61.02853032845841,20000.0,201424.0,63.0,47.0,47.0,3.0,0.0,0.0,1.0
30000.0,0.617259,2.5109559409320353E-8,30000.0,85.57666666666667,69.99820419109903,70.11121088623334,65.35073670723895,30000.0,218920.0,74.0,54.0,54.0,4.0,0.0,0.0,1.0
40000.0,0.717917,3.248250482396947E-8,40000.0,86.4,71.79348674950948,71.88775773861815,67.46411483253588,40000.0,283136.0,97.0,67.0,67.0,4.0,0.0,0.0,1.0
50000.0,0.790199,3.812209580507544E-8,50000.0,87.072,73.22633751620837,73.24281811408231,69.06584992343033,50000.0,301592.0,105.0,71.0,71.0,5.0,0.0,0.0,1.0
60000.0,0.859453,4.3897086704770727E-8,60000.0,87.60333333333334,74.39674481356377,74.36498362915734,70.48646932783113,60000.0,322336.0,117.0,77.0,77.0,5.0,0.0,0.0,1.0
70000.0,0.972523,5.542349897325039E-8,70000.0,88.02,75.29610138249038,75.30551547454283,71.57673535791757,70000.0,394048.0,144.0,95.0,95.0,5.0,0.0,0.0,1.0
80000.0,1.030803,6.156746843622791E-8,80000.0,88.40625,76.10751547966701,76.12551159618008,72.49080555226006,80000.0,407504.0,146.0,96.0,96.0,5.0,0.0,0.0,1.0
90000.0,1.124523,7.265092779364852E-8,90000.0,88.7088888888889,76.74188279922713,76.73801075884171,73.20147679324896,90000.0,457136.0,172.0,109.0,109.0,5.0,0.0,0.0,1.0
100000.0,1.200621,8.251045306937563E-8,100000.0,88.991,77.33715410237035,77.32160514172709,73.90119008107723,100000.0,500824.0,187.0,118.0,118.0,5.0,0.0,0.0,1.0
110000.0,1.264412,9.096040314684312E-8,110000.0,89.28636363636365,77.95189871727446,77.93980008236309,74.61004825922096,110000.0,512032.0,191.0,120.0,120.0,5.0,0.0,0.0,1.0
120000.0,1.33294,1.0032190802610583E-7,120000.0,89.56416666666667,78.52623153225332,78.50350178522383,75.26614129683395,120000.0,528056.0,201.0,125.0,125.0,5.0,0.0,0.0,1.0
130000.0,1.438375,1.1647242001361317E-7,130000.0,89.74,78.8902386295641,78.86580786233777,75.67833698030634,130000.0,592112.0,226.0,142.0,142.0,6.0,0.0,0.0,1.0
140000.0,1.531922,1.3139494392399986E-7,140000.0,89.93214285714286,79.29358560344392,79.30857310628303,76.15301323046731,140000.0,616616.0,236.0,147.0,147.0,6.0,0.0,0.0,1.0
150000.0,1.593678,1.4147791986457176E-7,150000.0,90.09866666666667,79.64371095803473,79.64587216314001,76.56267260016728,150000.0,631120.0,240.0,149.0,149.0,6.0,0.0,0.0,1.0
160000.0,1.65543,1.522228976070053E-7,160000.0,90.265,79.98478641700902,79.99743161679721,76.9442553065514,160000.0,672600.0,259.0,160.0,160.0,6.0,0.0,0.0,1.0
170000.0,1.709307,1.6186744884070422E-7,170000.0,90.42529411764706,80.31862959758118,80.32848303200232,77.33229350898937,170000.0,691960.0,274.0,169.0,169.0,6.0,0.0,0.0,1.0
180000.0,1.771866,1.7356942911114957E-7,180000.0,90.55777777777779,80.59349202823677,80.60260214562885,77.64066672805968,180000.0,723056.0,281.0,174.0,174.0,6.0,0.0,0.0,1.0
190000.0,1.82428,1.8354122277763154E-7,190000.0,90.70157894736842,80.88677323164193,80.89702972438178,77.9611541484226,190000.0,735408.0,285.0,176.0,176.0,6.0,0.0,0.0,1.0
200000.0,1.877376,1.9394781582885319E-7,200000.0,90.81099999999999,81.11145548793807,81.12366474938372,78.20911095828689,200000.0,757616.0,290.0,180.0,180.0,6.0,0.0,0.0,1.0
210000.0,1.931376,2.046374245815807E-7,210000.0,90.92809523809524,81.3530248696853,81.36766848905103,78.48074099175422,210000.0,765192.0,294.0,182.0,182.0,6.0,0.0,0.0,1.0
220000.0,1.99384,2.1742939939101537E-7,220000.0,91.05727272727273,81.62428567906747,81.64310706787965,78.79705568547996,220000.0,791608.0,310.0,193.0,193.0,6.0,0.0,0.0,1.0
230000.0,2.064288,2.3238916569285923E-7,230000.0,91.17347826086957,81.8702914698101,81.89560611060081,79.09699341021417,230000.0,820840.0,316.0,196.0,196.0,6.0,0.0,0.0,1.0
240000.0,2.142805,2.4954095967527895E-7,240000.0,91.27416666666667,82.07533308006028,82.09733537362045,79.31593034855354,240000.0,844400.0,325.0,202.0,202.0,6.0,0.0,0.0,1.0
250000.0,2.226502,2.6807495755246943E-7,250000.0,91.3588,82.25078980355507,82.26718653806688,79.51565033519499,250000.0,855976.0,333.0,206.0,206.0,6.0,0.0,0.0,1.0
260000.0,2.31211,2.875625917046434E-7,260000.0,91.44807692307693,82.43560123618265,82.45870083150571,79.72554025713505,260000.0,879928.0,342.0,212.0,212.0,6.0,0.0,0.0,1.0
270000.0,2.369956,3.0079063826344077E-7,270000.0,91.53444444444445,82.61554367195279,82.63818732861884,79.93380622958878,270000.0,883944.0,346.0,214.0,214.0,6.0,0.0,0.0,1.0
280000.0,2.428409,3.14526222501364E-7,280000.0,91.59821428571429,82.74370278905788,82.77477978809867,80.07284740163483,280000.0,908328.0,352.0,217.0,217.0,6.0,0.0,0.0,1.0
290000.0,2.492422,3.298360693703095E-7,290000.0,91.68724137931035,82.92820123535006,82.95530070562948,80.28476561222155,290000.0,924496.0,366.0,227.0,227.0,6.0,0.0,0.0,1.0
300000.0,2.552778,3.446325284325414E-7,300000.0,91.76633333333334,83.09165675636459,83.11712278207618,80.47459824357547,300000.0,947632.0,368.0,228.0,228.0,6.0,0.0,0.0,1.0
310000.0,2.61408,3.600479856340421E-7,310000.0,91.84387096774194,83.25238984501051,83.28275314886443,80.66292427000322,310000.0,972040.0,375.0,233.0,233.0,6.0,0.0,0.0,1.0
320000.0,2.673966,3.753378940953148E-7,320000.0,91.91968750000001,83.41042653293741,83.43498148551515,80.85106382978724,320000.0,986920.0,381.0,236.0,236.0,6.0,0.0,0.0,1.0
330000.0,2.742697,3.934771130482355E-7,330000.0,91.97424242424242,83.5241961012215,83.55254986710386,80.98393848230505,330000.0,1020160.0,398.0,249.0,249.0,6.0,0.0,0.0,1.0
340000.0,2.814285,4.131666946328348E-7,340000.0,92.02470588235295,83.6261673119775,83.64762427407537,81.0954014333919,340000.0,1063160.0,414.0,260.0,260.0,6.0,0.0,0.0,1.0
350000.0,2.881139,4.3227565211140443E-7,350000.0,92.07942857142856,83.73823738862085,83.76209554602751,81.22260981474582,350000.0,1104872.0,425.0,267.0,267.0,6.0,0.0,0.0,1.0
360000.0,2.946668,4.514200642974012E-7,360000.0,92.14305555555555,83.87073424461043,83.89722919619932,81.37723525848673,360000.0,1129304.0,437.0,276.0,276.0,6.0,0.0,0.0,1.0
370000.0,3.014219,4.721518695871862E-7,370000.0,92.19783783783784,83.98485077153607,84.014884297841,81.51359520485661,370000.0,1186336.0,456.0,290.0,290.0,7.0,0.0,0.0,1.0
380000.0,3.076121,4.915989981736573E-7,380000.0,92.25578947368422,84.10349937790384,84.12968915158446,81.6486757837103,380000.0,1214376.0,460.0,292.0,292.0,7.0,0.0,0.0,1.0
390000.0,3.140065,5.120944510379598E-7,390000.0,92.32512820512821,84.24377460970777,84.26924956773546,81.8018215202033,390000.0,1238968.0,476.0,303.0,303.0,7.0,0.0,0.0,1.0
400000.0,3.227671,5.412177129441664E-7,400000.0,92.38,84.35710847288723,84.38628574941217,81.93135337008714,400000.0,1285016.0,489.0,311.0,311.0,7.0,0.0,0.0,1.0
410000.0,3.34834,5.820442595560516E-7,410000.0,92.4209756097561,84.44108134526319,84.47115264486145,82.02599445868015,410000.0,1307824.0,503.0,318.0,318.0,7.0,0.0,0.0,1.0
420000.0,3.457457,6.198997770746548E-7,420000.0,92.47595238095239,84.55374797383726,84.57976304335098,82.15419193801603,420000.0,1341032.0,515.0,324.0,324.0,7.0,0.0,0.0,1.0
430000.0,3.557772,6.552138325240875E-7,430000.0,92.53418604651162,84.67279890770645,84.69616867917871,82.28956340405811,430000.0,1360768.0,523.0,328.0,328.0,7.0,0.0,0.0,1.0
440000.0,3.625049,6.791642439944875E-7,440000.0,92.58931818181819,84.78459846692182,84.80731328888331,82.413949324215,440000.0,1376096.0,531.0,332.0,332.0,7.0,0.0,0.0,1.0
450000.0,3.701317,7.072694379670751E-7,450000.0,92.64244444444445,84.89361594597347,84.91280513645417,82.53763145958376,450000.0,1424448.0,555.0,347.0,347.0,7.0,0.0,0.0,1.0
460000.0,3.774858,7.348946576668983E-7,460000.0,92.69391304347826,84.99933189716606,85.01135030750636,82.65814228290428,460000.0,1452040.0,563.0,351.0,351.0,7.0,0.0,0.0,1.0
470000.0,3.848738,7.63047977986021E-7,470000.0,92.74723404255319,85.10840160099139,85.11668522278255,82.78183829434734,470000.0,1473008.0,571.0,355.0,355.0,7.0,0.0,0.0,1.0
480000.0,3.924309,7.922395053443808E-7,480000.0,92.7975,85.2106509986569,85.21325554738158,82.89624055686659,480000.0,1493152.0,586.0,364.0,364.0,7.0,0.0,0.0,1.0
490000.0,3.994216,8.196999001999695E-7,490000.0,92.85122448979591,85.32115909730152,85.32368011999479,83.0244729827962,490000.0,1518408.0,592.0,367.0,367.0,7.0,0.0,0.0,1.0
500000.0,4.074013,8.513644496724008E-7,500000.0,92.8996,85.41943319649404,85.42287699243676,83.13404118862681,500000.0,1533872.0,598.0,370.0,370.0,7.0,0.0,0.0,1.0
510000.0,4.148199,8.80975204747584E-7,510000.0,92.95019607843138,85.52459028628697,85.52926024309747,83.25883295151887,510000.0,1542872.0,604.0,373.0,373.0,7.0,0.0,0.0,1.0
520000.0,4.215166,9.079544403776525E-7,520000.0,92.99307692307693,85.6123904706714,85.61513498148396,83.35852968983362,520000.0,1557296.0,606.0,374.0,374.0,7.0,0.0,0.0,1.0
530000.0,4.291156,9.390377815688649E-7,530000.0,93.04,85.70934344796754,85.7131791352306,83.4717113015893,530000.0,1581152.0,618.0,383.0,383.0,7.0,0.0,0.0,1.0
540000.0,4.368673,9.710909792656699E-7,540000.0,93.08722222222222,85.80627209209985,85.80997091973467,83.58132804356144,540000.0,1598368.0,624.0,386.0,386.0,7.0,0.0,0.0,1.0
550000.0,4.44869,1.0049673568809196E-6,550000.0,93.12127272727272,85.8777694073307,85.88147047957399,83.6682451770536,550000.0,1636504.0,641.0,396.0,396.0,7.0,0.0,0.0,1.0
560000.0,4.538047,1.0433525776511264E-6,560000.0,93.16107142857143,85.96022131405176,85.96397353905921,83.76494826131744,560000.0,1660496.0,657.0,407.0,407.0,7.0,0.0,0.0,1.0
570000.0,4.626819,1.0823013107706273E-6,570000.0,93.2059649122807,86.05277961383389,86.05724572457247,83.871760379488,570000.0,1695976.0,661.0,409.0,409.0,7.0,0.0,0.0,1.0
580000.0,4.698872,1.1139505174611176E-6,580000.0,93.25293103448276,86.14963567713693,86.15667615897553,83.98525102718983,580000.0,1697904.0,673.0,418.0,418.0,7.0,0.0,0.0,1.0
590000.0,4.773266,1.1471357866976822E-6,590000.0,93.2964406779661,86.23884272865406,86.24858317049934,84.08762648106051,590000.0,1724288.0,680.0,423.0,423.0,7.0,0.0,0.0,1.0
600000.0,4.850302,1.1821609177047177E-6,600000.0,93.33283333333333,86.31532998477745,86.3253969610474,84.17978327928498,600000.0,1757472.0,687.0,428.0,428.0,7.0,0.0,0.0,1.0
610000.0,4.917318,1.2129607384258672E-6,610000.0,93.3683606557377,86.38876180688905,86.39727763972441,84.26516577723149,610000.0,1776528.0,689.0,429.0,429.0,7.0,0.0,0.0,1.0
620000.0,4.984227,1.2438635674160386E-6,620000.0,93.4058064516129,86.4650879995193,86.47215117414078,84.35164027603946,620000.0,1785320.0,698.0,435.0,435.0,7.0,0.0,0.0,1.0
630000.0,5.052459,1.2756077608507539E-6,630000.0,93.44285714285714,86.54172606671044,86.54791754860139,84.44161557118967,630000.0,1798368.0,702.0,437.0,437.0,7.0,0.0,0.0,1.0
640000.0,5.131709,1.3130008423700927E-6,640000.0,93.4771875,86.6121376546863,86.62111534504805,84.52241036041214,640000.0,1823872.0,717.0,446.0,446.0,7.0,0.0,0.0,1.0
650000.0,5.207264,1.3491184988059102E-6,650000.0,93.50923076923077,86.67910716804914,86.68761812806265,84.60303268069266,650000.0,1847816.0,721.0,448.0,448.0,7.0,0.0,0.0,1.0
660000.0,5.292929,1.390513347585996E-6,660000.0,93.54242424242423,86.74799107935034,86.75385542992473,84.68416021618978,660000.0,1867864.0,734.0,456.0,456.0,7.0,0.0,0.0,1.0
670000.0,5.370762,1.4288208048438859E-6,670000.0,93.57388059701492,86.81211322835603,86.81744977128405,84.75610835537333,670000.0,1902488.0,748.0,466.0,466.0,8.0,0.0,0.0,1.0
680000.0,5.447124,1.4672971943289869E-6,680000.0,93.60838235294118,86.88317708337948,86.88768414351958,84.83797709457644,680000.0,1947688.0,758.0,474.0,474.0,8.0,0.0,0.0,1.0
690000.0,5.531203,1.509934087552958E-6,690000.0,93.64347826086956,86.95532316501374,86.95974050299841,84.92151348675388,690000.0,1960200.0,776.0,486.0,486.0,8.0,0.0,0.0,1.0
700000.0,5.617197,1.5545118656754493E-6,700000.0,93.67414285714287,87.01865030813023,87.02483334554246,84.99584921643373,700000.0,2003792.0,792.0,497.0,497.0,8.0,0.0,0.0,1.0
710000.0,5.697635,1.596969302702281E-6,710000.0,93.70943661971832,87.09008785870158,87.09654120393377,85.07551961505047,710000.0,2040304.0,801.0,503.0,503.0,8.0,0.0,0.0,1.0
720000.0,5.780602,1.6419755994776883E-6,720000.0,93.73694444444445,87.1465119468855,87.1542802448703,85.14054107490033,720000.0,2096864.0,818.0,516.0,516.0,8.0,0.0,0.0,1.0
730000.0,5.858939,1.684766348811487E-6,730000.0,93.76547945205479,87.2050721058191,87.21080865389209,85.20767178140427,730000.0,2111472.0,824.0,519.0,519.0,8.0,0.0,0.0,1.0
740000.0,5.946686,1.733338990497092E-6,740000.0,93.79364864864866,87.26251706535882,87.26990506548404,85.27296339645028,740000.0,2139744.0,835.0,526.0,526.0,8.0,0.0,0.0,1.0
750000.0,6.037585,1.7846188801568412E-6,750000.0,93.81493333333333,87.30616665481476,87.31316954701221,85.32322567581248,750000.0,2180672.0,864.0,545.0,545.0,8.0,0.0,0.0,1.0
760000.0,6.127078,1.8366813981326087E-6,760000.0,93.83907894736842,87.35566749197885,87.36395260031684,85.38028494440681,760000.0,2248736.0,873.0,551.0,551.0,8.0,0.0,0.0,1.0
770000.0,6.211891,1.8864487421864434E-6,770000.0,93.862987012987,87.40510516626271,87.41447408721312,85.43831428958818,770000.0,2268216.0,884.0,558.0,558.0,8.0,0.0,0.0,1.0
780000.0,6.294116,1.9353434540083007E-6,780000.0,93.89205128205128,87.46527383291283,87.47186283790892,85.50888623249901,780000.0,2298584.0,897.0,566.0,566.0,8.0,0.0,0.0,1.0
790000.0,6.387462,1.9914267277552016E-6,790000.0,93.9218987341772,87.52615219698528,87.53093440737075,85.57744871294265,790000.0,2322416.0,911.0,576.0,576.0,8.0,0.0,0.0,1.0
800000.0,6.478279,2.047101743515166E-6,800000.0,93.9505,87.58491364773072,87.5883187193369,85.64513258586938,800000.0,2369712.0,924.0,584.0,584.0,8.0,0.0,0.0,1.0
810000.0,6.56882,2.1036741492317774E-6,810000.0,93.97456790123456,87.63466178198071,87.6388245156813,85.70260983176266,810000.0,2415248.0,940.0,595.0,595.0,8.0,0.0,0.0,1.0
820000.0,6.656935,2.1593914284039693E-6,820000.0,94.0,87.68717228729636,87.69076807605704,85.76430080148143,820000.0,2444232.0,954.0,605.0,605.0,8.0,0.0,0.0,1.0
830000.0,6.744898,2.2157307764742928E-6,830000.0,94.03072289156627,87.7503479492123,87.7531497727121,85.83692091316057,830000.0,2475792.0,970.0,616.0,616.0,8.0,0.0,0.0,1.0
840000.0,6.845108,2.2814777476319827E-6,840000.0,94.05142857142857,87.79254577554437,87.79178007222123,85.88434701545242,840000.0,2536104.0,985.0,625.0,625.0,8.0,0.0,0.0,1.0
850000.0,6.933061,2.3396921325495665E-6,850000.0,94.07964705882354,87.85023432532562,87.85111257571478,85.94949714930283,850000.0,2558480.0,987.0,626.0,626.0,8.0,0.0,0.0,1.0
860000.0,7.028259,2.4031758781708767E-6,860000.0,94.10569767441861,87.90386418897673,87.9052865906179,86.01145222490516,860000.0,2577728.0,991.0,628.0,628.0,8.0,0.0,0.0,1.0
870000.0,7.116604,2.462303005167179E-6,870000.0,94.13344827586207,87.96132872435703,87.96261356024942,86.07842495458486,870000.0,2587064.0,998.0,633.0,633.0,8.0,0.0,0.0,1.0
880000.0,7.204034,2.521399485452307E-6,880000.0,94.1575,88.0107655812968,88.0118356716324,86.1355380993601,880000.0,2612784.0,1010.0,642.0,642.0,8.0,0.0,0.0,1.0
890000.0,7.298121,2.585476007310466E-6,890000.0,94.18426966292135,88.06649104771398,88.06762906371462,86.20200625388202,890000.0,2632520.0,1016.0,645.0,645.0,8.0,0.0,0.0,1.0
900000.0,7.388097,2.6472417952596308E-6,900000.0,94.21133333333333,88.12222394833833,88.12348403333759,86.26614646491275,900000.0,2653528.0,1020.0,647.0,647.0,8.0,0.0,0.0,1.0
910000.0,7.482651,2.7128993404015064E-6,910000.0,94.23494505494506,88.17098190971397,88.1732598717729,86.32388172146723,910000.0,2684152.0,1029.0,653.0,653.0,8.0,0.0,0.0,1.0
920000.0,7.569753,2.773503775867736E-6,920000.0,94.25804347826087,88.21899278790612,88.22286181827099,86.38112032339231,920000.0,2689544.0,1031.0,654.0,654.0,8.0,0.0,0.0,1.0
930000.0,7.660082,2.836543826274573E-6,930000.0,94.28129032258065,88.26641796247681,88.2693911041118,86.4349369748971,930000.0,2697688.0,1038.0,659.0,659.0,8.0,0.0,0.0,1.0
940000.0,7.754005,2.90260139202699E-6,940000.0,94.30478723404255,88.3146679147072,88.3188887725178,86.49061269809226,940000.0,2718648.0,1050.0,668.0,668.0,8.0,0.0,0.0,1.0
950000.0,7.847629,2.9691655958754315E-6,950000.0,94.3298947368421,88.36713891086906,88.3713499907171,86.55407226942776,950000.0,2748248.0,1052.0,669.0,669.0,8.0,0.0,0.0,1.0
960000.0,7.935716,3.0318337923143467E-6,960000.0,94.35458333333332,88.41761866978229,88.4210188973518,86.61195773809376,960000.0,2750032.0,1057.0,673.0,673.0,8.0,0.0,0.0,1.0
970000.0,8.026735,3.097154355835583E-6,970000.0,94.37680412371134,88.4631740915747,88.46506847576914,86.66400981892687,970000.0,2774088.0,1066.0,679.0,679.0,8.0,0.0,0.0,1.0
980000.0,8.124017,3.167386781767838E-6,980000.0,94.39816326530612,88.50711491423566,88.5095098258782,86.71451872861299,980000.0,2790664.0,1079.0,687.0,687.0,9.0,0.0,0.0,1.0
990000.0,8.230217,3.246296551422112E-6,990000.0,94.42555555555555,88.56289803108432,88.56746885869417,86.77778815997851,990000.0,2872160.0,1116.0,716.0,716.0,9.0,0.0,0.0,1.0
1000000.0,8.443586,3.4074052555445163E-6,1000000.0,94.4465,88.60563760424832,88.61072828993782,86.82634304406717,1000000.0,2918704.0,1124.0,720.0,720.0,9.0,3984.0666666666666,0.0,1.017491898283719
