learning evaluation instances,evaluation time (cpu seconds),model cost (RAM-Hours),classified instances,classifications correct (percent),Kappa Statistic (percent),Kappa Temporal Statistic (percent),Kappa M Statistic (percent),model training instances,model serialized size (bytes),tree size (nodes),tree size (leaves),active learning leaves,tree depth,active leaf byte size estimate,inactive leaf byte size estimate,byte size estimate overhead
10000.0,0.452859,1.5420402766515813E-8,10000.0,80.35,58.95910087472881,59.94700366897676,53.012912482066,10000.0,131624.0,40.0,31.0,31.0,3.0,0.0,0.0,1.0
20000.0,0.599858,2.2744130868878632E-8,20000.0,83.62,65.81503993614135,66.45161290322581,60.338983050847474,20000.0,192584.0,59.0,45.0,45.0,3.0,0.0,0.0,1.0
30000.0,0.681734,2.7118001062836916E-8,30000.0,85.26666666666667,69.4754134330805,69.80874316939891,64.85927810462712,30000.0,206496.0,65.0,48.0,48.0,3.0,0.0,0.0,1.0
40000.0,0.802042,3.5959640406072145E-8,40000.0,86.03,71.10328383694215,71.45484266448712,66.79738562091502,40000.0,284080.0,99.0,68.0,68.0,4.0,0.0,0.0,1.0
50000.0,0.87748,4.172150425612927E-8,50000.0,86.694,72.51880588548457,72.76931892599869,68.46919431279622,50000.0,295240.0,103.0,70.0,70.0,4.0,0.0,0.0,1.0
60000.0,0.960869,4.864326462770503E-8,60000.0,87.15166666666667,73.46331894025612,73.68582741671219,69.5091563501167,60000.0,320856.0,119.0,78.0,78.0,5.0,0.0,0.0,1.0
70000.0,1.046706,5.652376301379668E-8,70000.0,87.53285714285714,74.26717788729198,74.4652836703046,70.4440004064077,70000.0,354880.0,128.0,84.0,84.0,5.0,0.0,0.0,1.0
80000.0,1.119035,6.333626924496558E-8,80000.0,87.85125000000001,74.92691333255799,75.11394479438727,71.1628044981159,80000.0,364080.0,134.0,87.0,87.0,5.0,0.0,0.0,1.0
90000.0,1.208105,7.280211703023977E-8,90000.0,88.19222222222223,75.62895740866827,75.81254552075748,71.93376294105221,90000.0,410800.0,154.0,97.0,97.0,5.0,0.0,0.0,1.0
100000.0,1.292846,8.276109636243848E-8,100000.0,88.468,76.20339309074309,76.36497786522382,72.60612395182555,100000.0,454280.0,171.0,107.0,107.0,5.0,0.0,0.0,1.0
110000.0,1.375436,9.300776133106815E-8,110000.0,88.75818181818181,76.81278912198121,76.97978331285601,73.31635845758797,110000.0,479576.0,183.0,113.0,113.0,5.0,0.0,0.0,1.0
120000.0,1.477846,1.0686006780713797E-7,120000.0,89.02250000000001,77.35493594399342,77.46625840332541,73.90296570715377,120000.0,522856.0,200.0,123.0,123.0,5.0,0.0,0.0,1.0
130000.0,1.542587,1.1593362447495263E-7,130000.0,89.28,77.90349472752526,78.01719378499882,74.5535551254428,130000.0,541752.0,209.0,129.0,129.0,5.0,0.0,0.0,1.0
140000.0,1.615124,1.2649837978805105E-7,140000.0,89.51785714285714,78.39965411993283,78.51988465873329,75.12627546696497,140000.0,562992.0,215.0,132.0,132.0,5.0,0.0,0.0,1.0
150000.0,1.701061,1.3982742002854746E-7,150000.0,89.73266666666667,78.85017083865485,78.97445698917393,75.64366143724698,150000.0,599544.0,234.0,143.0,143.0,5.0,0.0,0.0,1.0
160000.0,1.777052,1.522205642797053E-7,160000.0,89.900625,79.20532311607731,79.32415487371088,76.06499585258918,160000.0,630408.0,244.0,148.0,148.0,5.0,0.0,0.0,1.0
170000.0,1.866015,1.6772848329817255E-7,170000.0,90.06294117647059,79.54839780742212,79.67465980051256,76.47509365121364,170000.0,673824.0,266.0,162.0,162.0,6.0,0.0,0.0,1.0
180000.0,1.947567,1.8301054360345005E-7,180000.0,90.20055555555555,79.8359891971536,79.95499846585679,76.80147300585256,180000.0,724352.0,284.0,174.0,174.0,6.0,0.0,0.0,1.0
190000.0,2.02491,1.980316269894441E-7,190000.0,90.37105263157895,80.18537378730319,80.3019046696168,77.1871415033169,190000.0,750728.0,289.0,178.0,178.0,6.0,0.0,0.0,1.0
200000.0,2.109893,2.1524724069154924E-7,200000.0,90.50399999999999,80.46235724589651,80.57620912893626,77.50376082347226,200000.0,783056.0,308.0,192.0,192.0,6.0,0.0,0.0,1.0
210000.0,2.188601,2.3191037344849772E-7,210000.0,90.64238095238095,80.7500477018605,80.85873196770015,77.83680144363616,210000.0,818352.0,316.0,196.0,196.0,6.0,0.0,0.0,1.0
220000.0,2.241048,2.4319369433447717E-7,220000.0,90.77499999999999,81.0249977012619,81.11443008291225,78.1487542798079,220000.0,831608.0,318.0,197.0,197.0,6.0,0.0,0.0,1.0
230000.0,2.305498,2.5742932465548315E-7,230000.0,90.91391304347826,81.31257922883374,81.41127705184881,78.47630622186973,230000.0,853800.0,330.0,206.0,206.0,6.0,0.0,0.0,1.0
240000.0,2.369618,2.724453460694187E-7,240000.0,91.03583333333334,81.56513376749469,81.66368362737579,78.76397950823718,240000.0,905240.0,344.0,216.0,216.0,6.0,0.0,0.0,1.0
250000.0,2.427054,2.8606319772907425E-7,250000.0,91.14320000000001,81.78731819521873,81.88660105856465,79.01908389713267,250000.0,916488.0,348.0,218.0,218.0,6.0,0.0,0.0,1.0
260000.0,2.483656,2.9973868477468686E-7,260000.0,91.24923076923078,82.00282900917323,82.10645526613817,79.25526095043584,260000.0,933928.0,356.0,222.0,222.0,6.0,0.0,0.0,1.0
270000.0,2.551027,3.166110004795094E-7,270000.0,91.36222222222223,82.23633393512225,82.33743808788113,79.52108743183793,270000.0,968064.0,368.0,231.0,231.0,7.0,0.0,0.0,1.0
280000.0,2.612141,3.320770787799523E-7,280000.0,91.45571428571428,82.4310116493262,82.53429407856792,79.7470497604253,280000.0,978232.0,374.0,234.0,234.0,7.0,0.0,0.0,1.0
290000.0,2.671522,3.4723915825908376E-7,290000.0,91.55724137931036,82.64070120015737,82.73647100299667,79.98479485313955,290000.0,986992.0,378.0,236.0,236.0,7.0,0.0,0.0,1.0
300000.0,2.733747,3.633238033577799E-7,300000.0,91.645,82.82322918809108,82.90805193388249,80.19532083343209,300000.0,999192.0,382.0,238.0,238.0,7.0,0.0,0.0,1.0
310000.0,2.81732,3.8640037506197883E-7,310000.0,91.72516129032257,82.98845468208171,83.07256781992992,80.38298002508336,310000.0,1067352.0,424.0,268.0,268.0,7.0,0.0,0.0,1.0
320000.0,2.902057,4.109882561883164E-7,320000.0,91.8065625,83.15430106709076,83.23325339728217,80.56340116386819,320000.0,1121632.0,428.0,270.0,270.0,7.0,0.0,0.0,1.0
330000.0,2.970738,4.3116127478165753E-7,330000.0,91.89424242424242,83.33846496086899,83.42195944270911,80.783212161269,330000.0,1135368.0,433.0,274.0,274.0,7.0,0.0,0.0,1.0
340000.0,3.042645,4.5252173220324843E-7,340000.0,91.97441176470589,83.50615152806029,83.58923470154865,80.98162074757627,340000.0,1148264.0,442.0,280.0,280.0,7.0,0.0,0.0,1.0
350000.0,3.124164,4.776873484212491E-7,350000.0,92.0442857142857,83.64882888978966,83.72674727805082,81.1372519797587,350000.0,1193304.0,451.0,286.0,286.0,7.0,0.0,0.0,1.0
360000.0,3.186826,4.97614842897488E-7,360000.0,92.10305555555556,83.77411658549816,83.85504810149587,81.29092548353768,360000.0,1229280.0,467.0,297.0,297.0,7.0,0.0,0.0,1.0
370000.0,3.247707,5.174839822161529E-7,370000.0,92.17432432432432,83.92148162685817,83.9955117788169,81.45895099476841,370000.0,1261536.0,474.0,302.0,302.0,7.0,0.0,0.0,1.0
380000.0,3.303176,5.356700890242225E-7,380000.0,92.23947368421052,84.05660413015859,84.13535250289156,81.61551553236454,380000.0,1267336.0,479.0,306.0,306.0,7.0,0.0,0.0,1.0
390000.0,3.372049,5.590817064481477E-7,390000.0,92.30205128205128,84.18536952684174,84.25983694654887,81.7620722543177,390000.0,1313968.0,497.0,318.0,318.0,7.0,0.0,0.0,1.0
400000.0,3.43738,5.8152727999414E-7,400000.0,92.36525,84.31790471040802,84.38741340967766,81.91856575309212,400000.0,1328048.0,501.0,320.0,320.0,7.0,0.0,0.0,1.0
410000.0,3.502574,6.045548092967106E-7,410000.0,92.42707317073172,84.44429465485507,84.50764663323605,82.05934186577298,410000.0,1365344.0,519.0,332.0,332.0,7.0,0.0,0.0,1.0
420000.0,3.584262,6.341440321649942E-7,420000.0,92.48452380952381,84.56295370416478,84.61662174872923,82.19613859543242,420000.0,1400160.0,533.0,339.0,339.0,7.0,0.0,0.0,1.0
430000.0,3.657767,6.615310380421579E-7,430000.0,92.54023255813954,84.67647002471035,84.73061873435074,82.32214402627677,430000.0,1440224.0,553.0,352.0,352.0,7.0,0.0,0.0,1.0
440000.0,3.73087,6.89346057217982E-7,440000.0,92.595,84.79079761007354,84.8439600515404,82.4599748059303,440000.0,1470776.0,569.0,363.0,363.0,7.0,0.0,0.0,1.0
450000.0,3.806999,7.196300908716188E-7,450000.0,92.6468888888889,84.89681927585414,84.95332160120778,82.57850177958427,450000.0,1537680.0,598.0,382.0,382.0,7.0,0.0,0.0,1.0
460000.0,3.881752,7.502201293657222E-7,460000.0,92.70217391304347,85.0095574802652,85.05848421727286,82.70327643327853,460000.0,1581808.0,608.0,390.0,390.0,7.0,0.0,0.0,1.0
470000.0,3.960994,7.839460109670956E-7,470000.0,92.7631914893617,85.13412534223141,85.18171599850133,82.84277376754791,470000.0,1645168.0,629.0,402.0,402.0,7.0,0.0,0.0,1.0
480000.0,4.037823,8.174542441633011E-7,480000.0,92.813125,85.23740074647908,85.28372878752974,82.96276175424732,480000.0,1685888.0,643.0,409.0,409.0,7.0,0.0,0.0,1.0
490000.0,4.142307,8.637431575026776E-7,490000.0,92.85816326530613,85.3296572791093,85.37511910533091,83.06655311571552,490000.0,1712496.0,653.0,414.0,414.0,7.0,0.0,0.0,1.0
500000.0,4.221869,8.992752347720993E-7,500000.0,92.913,85.44481160044124,85.4936894376374,83.20520598327867,500000.0,1726304.0,666.0,422.0,422.0,7.0,0.0,0.0,1.0
510000.0,4.298862,9.340913540435333E-7,510000.0,92.96764705882353,85.55748670806709,85.60390157748967,83.33604367522362,510000.0,1747960.0,668.0,423.0,423.0,7.0,0.0,0.0,1.0
520000.0,4.373499,9.686474958558876E-7,520000.0,93.01192307692307,85.6493632522007,85.69600969922178,83.44457454224053,520000.0,1789672.0,681.0,431.0,431.0,7.0,0.0,0.0,1.0
530000.0,4.449437,1.0040818057292037E-6,530000.0,93.06132075471697,85.75054730538858,85.79847152550096,83.56013125072643,530000.0,1803712.0,687.0,434.0,434.0,7.0,0.0,0.0,1.0
540000.0,4.529745,1.0416599616408347E-6,540000.0,93.10240740740741,85.83468420692473,85.8821433580084,83.6559979639657,540000.0,1808752.0,689.0,435.0,435.0,7.0,0.0,0.0,1.0
550000.0,4.614265,1.0819737831751504E-6,550000.0,93.14218181818181,85.91614340586442,85.9598053922864,83.74854582274118,550000.0,1843728.0,703.0,445.0,445.0,7.0,0.0,0.0,1.0
560000.0,4.697077,1.1222135019054013E-6,560000.0,93.18303571428571,85.99899864251476,86.03878055559619,83.84031223014273,560000.0,1878296.0,716.0,453.0,453.0,7.0,0.0,0.0,1.0
570000.0,4.77225,1.1589116627764368E-6,570000.0,93.2261403508772,86.08773905934746,86.12283186095158,83.94305984704509,570000.0,1887056.0,723.0,458.0,458.0,7.0,0.0,0.0,1.0
580000.0,4.850969,1.1978265760818287E-6,580000.0,93.27,86.17917396388019,86.20891894374606,84.05115528407117,580000.0,1910904.0,731.0,462.0,462.0,7.0,0.0,0.0,1.0
590000.0,4.924936,1.2344795846235419E-6,590000.0,93.31338983050847,86.26897878827727,86.29674013095052,84.15749738976788,590000.0,1915464.0,741.0,470.0,470.0,7.0,0.0,0.0,1.0
600000.0,5.013946,1.279510352466669E-6,600000.0,93.35483333333333,86.35429380138116,86.3779237018866,84.25539812664866,600000.0,1955568.0,751.0,478.0,478.0,7.0,0.0,0.0,1.0
610000.0,5.092825,1.320101584765232E-6,610000.0,93.39114754098361,86.42911346629943,86.45331039372567,84.34079379753425,610000.0,1989176.0,755.0,480.0,480.0,7.0,0.0,0.0,1.0
620000.0,5.173119,1.3615171942756403E-6,620000.0,93.43354838709678,86.51680241116917,86.53984123677938,84.44218555345802,620000.0,1993808.0,757.0,481.0,481.0,7.0,0.0,0.0,1.0
630000.0,5.249846,1.4011934637775018E-6,630000.0,93.47444444444444,86.60112989552653,86.62643743595582,84.53927327702272,630000.0,1998872.0,759.0,482.0,482.0,7.0,0.0,0.0,1.0
640000.0,5.330854,1.4434942333648596E-6,640000.0,93.5165625,86.68739100617707,86.71005473686908,84.63748477410135,640000.0,2018472.0,774.0,491.0,491.0,7.0,0.0,0.0,1.0
650000.0,5.409036,1.4846461697957576E-6,650000.0,93.54969230769231,86.7556050587313,86.77744593755027,84.71546790127958,650000.0,2034632.0,776.0,492.0,492.0,7.0,0.0,0.0,1.0
660000.0,5.492164,1.528906086240377E-6,660000.0,93.58257575757575,86.82374758421183,86.84733530832915,84.79463513227286,660000.0,2058096.0,792.0,503.0,503.0,7.0,0.0,0.0,1.0
670000.0,5.59004,1.582254546247422E-6,670000.0,93.61626865671641,86.89282872394493,86.91398063302177,84.87283504808254,670000.0,2106920.0,810.0,515.0,515.0,7.0,0.0,0.0,1.0
680000.0,5.67521,1.6293335228413337E-6,680000.0,93.64764705882352,86.95757289646689,86.98100014466894,84.94718831347595,680000.0,2136696.0,817.0,520.0,520.0,7.0,0.0,0.0,1.0
690000.0,5.760472,1.6770117875064407E-6,690000.0,93.68449275362319,87.03326147121263,87.055157499495,85.03403463221304,690000.0,2161560.0,833.0,531.0,531.0,7.0,0.0,0.0,1.0
700000.0,5.843352,1.7239465603687692E-6,700000.0,93.719,87.10344172585094,87.12159601172813,85.11177932641188,700000.0,2189008.0,835.0,532.0,532.0,7.0,0.0,0.0,1.0
710000.0,5.927987,1.772382102273404E-6,710000.0,93.75380281690141,87.17429328452046,87.18873135276921,85.19013254343812,710000.0,2212160.0,840.0,536.0,536.0,7.0,0.0,0.0,1.0
720000.0,6.012805,1.8212351847233038E-6,720000.0,93.7825,87.23370042639634,87.24615384615385,85.25955317012135,720000.0,2226416.0,851.0,543.0,543.0,7.0,0.0,0.0,1.0
730000.0,6.112049,1.8792950741574163E-6,730000.0,93.81383561643835,87.29765023195822,87.31135905771549,85.33179588787475,730000.0,2261384.0,869.0,555.0,555.0,7.0,0.0,0.0,1.0
740000.0,6.20581,1.934618439117653E-6,740000.0,93.84783783783783,87.36651077304195,87.38241864229214,85.40777209379846,740000.0,2280808.0,887.0,567.0,567.0,8.0,0.0,0.0,1.0
750000.0,6.301782,1.9927368732438314E-6,750000.0,93.88066666666667,87.43537941230505,87.45273759695115,85.49031633924112,750000.0,2340840.0,905.0,579.0,579.0,8.0,0.0,0.0,1.0
760000.0,6.394215,2.049883690807554E-6,760000.0,93.90868421052632,87.49320675989141,87.50947702983815,85.55704614232678,760000.0,2389832.0,916.0,586.0,586.0,8.0,0.0,0.0,1.0
770000.0,6.486091,2.1072830141584076E-6,770000.0,93.93805194805195,87.55350982710623,87.56874515621297,85.62617018131652,770000.0,2414944.0,931.0,595.0,595.0,8.0,0.0,0.0,1.0
780000.0,6.578191,2.165634282529354E-6,780000.0,93.96692307692308,87.61355904286452,87.63031306679284,85.6972651619688,780000.0,2449024.0,949.0,607.0,607.0,8.0,0.0,0.0,1.0
790000.0,6.668632,2.2237125634588296E-6,790000.0,93.99493670886075,87.67033729677968,87.68786772243719,85.75956966524181,790000.0,2482280.0,955.0,610.0,610.0,8.0,0.0,0.0,1.0
800000.0,6.756679,2.2808081806451078E-6,800000.0,94.028625,87.73908229775415,87.75404003117181,85.83685897340871,800000.0,2506632.0,959.0,612.0,612.0,8.0,0.0,0.0,1.0
810000.0,6.861134,2.3491018147228487E-6,810000.0,94.05888888888889,87.80191380280901,87.81693118210427,85.91098593528592,810000.0,2527280.0,969.0,620.0,620.0,8.0,0.0,0.0,1.0
820000.0,6.97088,2.4218611702157385E-6,820000.0,94.085,87.8558887640362,87.87115714507199,85.97348139793807,820000.0,2562728.0,983.0,630.0,630.0,8.0,0.0,0.0,1.0
830000.0,7.081708,2.496370953263507E-6,830000.0,94.11349397590362,87.91474083866109,87.93078319726295,86.04188747918053,830000.0,2598760.0,991.0,634.0,634.0,8.0,0.0,0.0,1.0
840000.0,7.180348,2.563203832449184E-6,840000.0,94.13976190476191,87.96851249160457,87.98445638855124,86.10259450608397,840000.0,2619024.0,997.0,637.0,637.0,8.0,0.0,0.0,1.0
850000.0,7.273669,2.6266466617936056E-6,850000.0,94.16799999999999,88.02660282504813,88.04399208914185,86.1689512877674,850000.0,2627880.0,1004.0,642.0,642.0,8.0,0.0,0.0,1.0
860000.0,7.375484,2.6962987138103274E-6,860000.0,94.1956976744186,88.083593324563,88.10151505039043,86.2340463084509,860000.0,2644384.0,1016.0,651.0,651.0,8.0,0.0,0.0,1.0
870000.0,7.47669,2.76671987981225E-6,870000.0,94.21931034482759,88.13250807638867,88.14723336460008,86.29074246211637,870000.0,2689672.0,1022.0,654.0,654.0,8.0,0.0,0.0,1.0
880000.0,7.582525,2.84139628831711E-6,880000.0,94.24647727272728,88.18784786534164,88.20329173617647,86.35246233052104,880000.0,2727448.0,1046.0,669.0,669.0,8.0,0.0,0.0,1.0
890000.0,7.682181,2.9123359163353834E-6,890000.0,94.27292134831461,88.2422719452417,88.25723454890189,86.4150148853548,890000.0,2751616.0,1050.0,671.0,671.0,8.0,0.0,0.0,1.0
900000.0,7.77687,2.9801360592121874E-6,900000.0,94.29877777777777,88.29623289368497,88.3096881201315,86.47952865040341,900000.0,2767792.0,1054.0,673.0,673.0,8.0,0.0,0.0,1.0
910000.0,7.871823,3.0482712447953715E-6,910000.0,94.32263736263737,88.34553982575993,88.35864145093365,86.53706840390879,910000.0,2773736.0,1058.0,675.0,675.0,8.0,0.0,0.0,1.0
920000.0,7.96391,3.114495106803046E-6,920000.0,94.34760869565217,88.3971156306913,88.41191387709078,86.59735359460616,920000.0,2779832.0,1063.0,679.0,679.0,8.0,0.0,0.0,1.0
930000.0,8.062147,3.1855357260277696E-6,930000.0,94.37344086021506,88.44957726375459,88.46602318389515,86.65590509415101,930000.0,2795336.0,1070.0,684.0,684.0,8.0,0.0,0.0,1.0
940000.0,8.160915,3.257385310872147E-6,940000.0,94.39946808510639,88.50335306050901,88.52087262736718,86.71845238245407,940000.0,2811968.0,1080.0,692.0,692.0,8.0,0.0,0.0,1.0
950000.0,8.261723,3.3318747360942257E-6,950000.0,94.42368421052632,88.55324949053535,88.56898099397539,86.77598683964185,950000.0,2856288.0,1091.0,699.0,699.0,8.0,0.0,0.0,1.0
960000.0,8.365363,3.4094417495301194E-6,960000.0,94.44822916666666,88.60338524526559,88.61610623287245,86.83244391738315,960000.0,2893024.0,1098.0,704.0,704.0,8.0,0.0,0.0,1.0
970000.0,8.462962,3.482998955525043E-6,970000.0,94.47432989690722,88.65719471557233,88.6706587838909,86.89514206566732,970000.0,2913280.0,1112.0,714.0,714.0,8.0,0.0,0.0,1.0
980000.0,8.563717,3.5596405873033726E-6,980000.0,94.49540816326531,88.70064931898642,88.71318367936193,86.94568465885028,980000.0,2940360.0,1119.0,719.0,719.0,8.0,0.0,0.0,1.0
990000.0,8.663597,3.636164003958304E-6,990000.0,94.5170707070707,88.74509104299197,88.75822976446149,86.99582187383209,990000.0,2961544.0,1130.0,726.0,726.0,8.0,0.0,0.0,1.0
1000000.0,8.875669,3.799799796673986E-6,1000000.0,94.5384,88.78978469950778,88.8046408182927,87.04959547769674,1000000.0,2982616.0,1136.0,729.0,729.0,8.0,4022.068587105624,0.0,1.017232770639899
