learning evaluation instances,evaluation time (cpu seconds),model cost (RAM-Hours),classified instances,classifications correct (percent),Kappa Statistic (percent),Kappa Temporal Statistic (percent),Kappa M Statistic (percent),model training instances,model serialized size (bytes),tree size (nodes),tree size (leaves),active learning leaves,tree depth,active leaf byte size estimate,inactive leaf byte size estimate,byte size estimate overhead
10000.0,0.422862,1.572658233344555E-8,10000.0,81.5,61.83086882474521,62.144464906895834,56.10913404507709,10000.0,143760.0,43.0,34.0,34.0,3.0,0.0,0.0,1.0
20000.0,0.56242,2.281591554896699E-8,20000.0,84.08,67.09120561771311,67.36701855078405,62.036485036365804,20000.0,196360.0,61.0,46.0,46.0,3.0,0.0,0.0,1.0
30000.0,0.648352,2.761364979462491E-8,30000.0,85.48,70.02707760414843,70.23573624871882,65.4368007617234,30000.0,215816.0,69.0,50.0,50.0,4.0,0.0,0.0,1.0
40000.0,0.767159,3.614556645974517E-8,40000.0,86.4275,72.00910796507257,72.21027846027846,67.68837043209143,40000.0,277592.0,99.0,68.0,68.0,4.0,0.0,0.0,1.0
50000.0,0.860754,4.3520487310985726E-8,50000.0,87.092,73.41716981887575,73.66251785349928,69.38039662207042,50000.0,304584.0,107.0,72.0,72.0,4.0,0.0,0.0,1.0
60000.0,0.954327,5.173764151210587E-8,60000.0,87.68666666666667,74.63938391635222,74.8818549620916,70.75217735550278,60000.0,339448.0,122.0,81.0,81.0,5.0,0.0,0.0,1.0
70000.0,1.041219,6.039620133116842E-8,70000.0,88.03714285714285,75.36837908938105,75.54608106529611,71.62510165356466,70000.0,385184.0,136.0,91.0,91.0,5.0,0.0,0.0,1.0
80000.0,1.108632,6.728994155923527E-8,80000.0,88.2825,75.869702861776,76.00286716330031,72.16911109791579,80000.0,395288.0,140.0,93.0,93.0,5.0,0.0,0.0,1.0
90000.0,1.204525,7.839798547948401E-8,90000.0,88.53555555555556,76.40616847587025,76.50568117130041,72.83020855277017,90000.0,447768.0,168.0,107.0,107.0,5.0,0.0,0.0,1.0
100000.0,1.287422,8.882994091345206E-8,100000.0,88.839,77.03151751588699,77.12675479044985,73.53896488774035,100000.0,486440.0,186.0,116.0,116.0,5.0,0.0,0.0,1.0
110000.0,1.384801,1.0176977003200189E-7,110000.0,89.07363636363637,77.51554119656457,77.6399017710969,74.1020060764076,110000.0,513648.0,196.0,121.0,121.0,5.0,0.0,0.0,1.0
120000.0,1.486737,1.1595879966600076E-7,120000.0,89.35666666666665,78.09729064196924,78.20812503199166,74.76338200715287,120000.0,538056.0,210.0,128.0,128.0,5.0,0.0,0.0,1.0
130000.0,1.564888,1.2749761833291916E-7,130000.0,89.61538461538461,78.62315975744181,78.75454416694208,75.34561791186516,130000.0,570728.0,227.0,141.0,141.0,6.0,0.0,0.0,1.0
140000.0,1.642692,1.394201279866199E-7,140000.0,89.84642857142858,79.09741192462549,79.21631698223554,75.87488544177047,140000.0,592336.0,231.0,143.0,143.0,6.0,0.0,0.0,1.0
150000.0,1.723947,1.5300338519116245E-7,150000.0,90.03466666666667,79.48283761904416,79.58118759135054,76.296719153862,150000.0,646184.0,248.0,153.0,153.0,6.0,0.0,0.0,1.0
160000.0,1.782851,1.634107977896929E-7,160000.0,90.21249999999999,79.84766177074766,79.92899529625879,76.70474830417707,160000.0,682968.0,262.0,163.0,163.0,6.0,0.0,0.0,1.0
170000.0,1.844573,1.746977945044637E-7,170000.0,90.36823529411765,80.17602166709685,80.25087444216621,77.09641773090318,170000.0,706872.0,270.0,167.0,167.0,6.0,0.0,0.0,1.0
180000.0,1.91037,1.872986414966484E-7,180000.0,90.52277777777778,80.50391589574993,80.5858721505878,77.49175352948937,180000.0,740280.0,290.0,180.0,180.0,6.0,0.0,0.0,1.0
190000.0,1.970777,1.9931331100977132E-7,190000.0,90.6642105263158,80.79443480616268,80.88721755902034,77.82445086199353,190000.0,768824.0,296.0,183.0,183.0,6.0,0.0,0.0,1.0
200000.0,2.04176,2.1462687823093603E-7,200000.0,90.771,81.0191013794067,81.10224934219283,78.09165469846056,200000.0,833920.0,317.0,198.0,198.0,6.0,0.0,0.0,1.0
210000.0,2.117613,2.3114225564110613E-7,210000.0,90.90380952380951,81.29490286293263,81.3649932686867,78.41167229863363,210000.0,841624.0,321.0,200.0,200.0,6.0,0.0,0.0,1.0
220000.0,2.201638,2.4979514339731805E-7,220000.0,91.0190909090909,81.53366787865531,81.62063608710616,78.68309471662691,220000.0,858104.0,329.0,204.0,204.0,6.0,0.0,0.0,1.0
230000.0,2.282898,2.682655947986577E-7,230000.0,91.14434782608696,81.7882176971357,81.86916387007184,78.95954712615182,230000.0,878624.0,343.0,214.0,214.0,6.0,0.0,0.0,1.0
240000.0,2.370016,2.8878408529692233E-7,240000.0,91.27166666666666,82.04919619801315,82.13953805622106,79.25221611449511,240000.0,910416.0,353.0,219.0,219.0,6.0,0.0,0.0,1.0
250000.0,2.440099,3.0602896776878177E-7,250000.0,91.3972,82.30821282664618,82.38603790273706,79.54791837045208,250000.0,951152.0,366.0,227.0,227.0,6.0,0.0,0.0,1.0
260000.0,2.506192,3.22494636800968E-7,260000.0,91.49000000000001,82.49953021781337,82.58028452884261,79.76274317909507,260000.0,963000.0,373.0,232.0,232.0,7.0,0.0,0.0,1.0
270000.0,2.56651,3.3765977884539305E-7,270000.0,91.59296296296297,82.71226374894911,82.78357161818803,80.00369991895417,270000.0,971856.0,377.0,234.0,234.0,7.0,0.0,0.0,1.0
280000.0,2.62963,3.5373475517042813E-7,280000.0,91.68821428571428,82.91061351369956,82.97973481939782,80.23390124169795,280000.0,984432.0,377.0,234.0,234.0,7.0,0.0,0.0,1.0
290000.0,2.6884,3.6888191628166373E-7,290000.0,91.78413793103448,83.11351578889386,83.18346720119705,80.47849242113888,290000.0,996272.0,391.0,244.0,244.0,7.0,0.0,0.0,1.0
300000.0,2.753925,3.8632080188228024E-7,300000.0,91.85766666666667,83.26631377788524,83.33219608057209,80.65525215408009,300000.0,1028760.0,395.0,246.0,246.0,7.0,0.0,0.0,1.0
310000.0,2.822857,4.0516417762471567E-7,310000.0,91.93354838709678,83.42215257982453,83.4907933741343,80.83067582484975,310000.0,1056672.0,406.0,253.0,253.0,7.0,0.0,0.0,1.0
320000.0,2.884791,4.2227863246368035E-7,320000.0,92.00500000000001,83.57177114597089,83.6430941557819,81.00654050883823,320000.0,1068160.0,408.0,254.0,254.0,7.0,0.0,0.0,1.0
330000.0,2.953154,4.413868156592879E-7,330000.0,92.07636363636364,83.71967193841411,83.79001661417908,81.17738522005786,330000.0,1080440.0,425.0,267.0,267.0,7.0,0.0,0.0,1.0
340000.0,3.023402,4.618915733715726E-7,340000.0,92.14529411764705,83.86077606014048,83.92676585295392,81.33348244553328,340000.0,1128296.0,432.0,272.0,272.0,7.0,0.0,0.0,1.0
350000.0,3.090436,4.817459276794559E-7,350000.0,92.21657142857143,84.0081169630415,84.06593085215275,81.50062135421264,350000.0,1144888.0,434.0,273.0,273.0,7.0,0.0,0.0,1.0
360000.0,3.164129,5.037433841865923E-7,360000.0,92.28722222222223,84.15474714608148,84.21435637372508,81.67224433487131,360000.0,1153848.0,439.0,277.0,277.0,7.0,0.0,0.0,1.0
370000.0,3.251355,5.310045881941914E-7,370000.0,92.36027027027028,84.30627758743577,84.36360820237088,81.84731373380086,370000.0,1208096.0,457.0,289.0,289.0,7.0,0.0,0.0,1.0
380000.0,3.31648,5.513665365386339E-7,380000.0,92.43315789473684,84.45444543634434,84.51138187733643,82.01334893002132,380000.0,1208576.0,466.0,295.0,295.0,7.0,0.0,0.0,1.0
390000.0,3.38965,5.749964526254269E-7,390000.0,92.49487179487178,84.58111361467468,84.63363800064047,82.15700857097572,390000.0,1248336.0,475.0,301.0,301.0,7.0,0.0,0.0,1.0
400000.0,3.463791,5.99246220216155E-7,400000.0,92.56075,84.71827381079012,84.76515702276242,82.31875791012318,400000.0,1264304.0,484.0,307.0,307.0,7.0,0.0,0.0,1.0
410000.0,3.53776,6.239476722313298E-7,410000.0,92.61878048780487,84.83898693965153,84.88203058262854,82.46151884649264,410000.0,1290848.0,496.0,313.0,313.0,7.0,0.0,0.0,1.0
420000.0,3.60987,6.484279864115847E-7,420000.0,92.68071428571429,84.96791834519428,85.00782747370114,82.61275324939761,420000.0,1312272.0,502.0,316.0,316.0,7.0,0.0,0.0,1.0
430000.0,3.681725,6.73312777173188E-7,430000.0,92.7420930232558,85.09493388267578,85.13361596722716,82.76012550544667,430000.0,1338688.0,516.0,326.0,326.0,7.0,0.0,0.0,1.0
440000.0,3.75077,6.977688435009784E-7,440000.0,92.80704545454546,85.22812335955958,85.26864052950786,82.91302915944564,440000.0,1369168.0,523.0,331.0,331.0,7.0,0.0,0.0,1.0
450000.0,3.819908,7.225228505871363E-7,450000.0,92.85844444444444,85.33479957215279,85.37658579203146,83.0373118966309,450000.0,1383984.0,538.0,340.0,340.0,7.0,0.0,0.0,1.0
460000.0,3.908684,7.555838313243456E-7,460000.0,92.90152173913043,85.42136138920823,85.46287474734882,83.13003404681825,460000.0,1439536.0,555.0,350.0,350.0,7.0,0.0,0.0,1.0
470000.0,4.004085,7.920143336595761E-7,470000.0,92.95361702127659,85.52790873532585,85.56698335221824,83.25038943173311,470000.0,1476096.0,572.0,360.0,360.0,7.0,0.0,0.0,1.0
480000.0,4.11355,8.358244547537632E-7,480000.0,93.00395833333333,85.6329653299159,85.67100619994282,83.37500185651837,480000.0,1547040.0,612.0,386.0,386.0,7.0,0.0,0.0,1.0
490000.0,4.208037,8.754811864987844E-7,490000.0,93.0461224489796,85.71926500933526,85.75852945970685,83.47278203803677,490000.0,1622360.0,631.0,397.0,397.0,8.0,0.0,0.0,1.0
500000.0,4.290314,9.106496516511673E-7,500000.0,93.093,85.8154599473232,85.85037079526366,83.5812664318077,500000.0,1652256.0,649.0,409.0,409.0,8.0,0.0,0.0,1.0
510000.0,4.369328,9.454266239226693E-7,510000.0,93.13705882352942,85.90615679818285,85.94184911616924,83.68479932876521,510000.0,1701336.0,663.0,419.0,419.0,8.0,0.0,0.0,1.0
520000.0,4.44352,9.784278146115444E-7,520000.0,93.17980769230769,85.99473369118634,86.02876581193888,83.78979989213006,520000.0,1719392.0,675.0,428.0,428.0,8.0,0.0,0.0,1.0
530000.0,4.530793,1.0187040632901093E-6,530000.0,93.21924528301886,86.07824507005097,86.10780387487824,83.89253924002976,530000.0,1783904.0,711.0,455.0,455.0,8.0,0.0,0.0,1.0
540000.0,4.608882,1.0561309888379442E-6,540000.0,93.2637037037037,86.16993621502421,86.1965855750221,83.99964811190041,540000.0,1852664.0,718.0,460.0,460.0,8.0,0.0,0.0,1.0
550000.0,4.689442,1.0955756993177864E-6,550000.0,93.30872727272728,86.26231532030005,86.28745593966809,84.10459300467336,550000.0,1892656.0,727.0,466.0,466.0,8.0,0.0,0.0,1.0
560000.0,4.771868,1.1367114376400909E-6,560000.0,93.35892857142856,86.36553915201975,86.38825854622647,84.2234090841602,560000.0,1929112.0,741.0,476.0,476.0,8.0,0.0,0.0,1.0
570000.0,4.851611,1.1769968641425173E-6,570000.0,93.39754385964912,86.44459226196079,86.46711711549735,84.31321876211398,570000.0,1952800.0,757.0,487.0,487.0,8.0,0.0,0.0,1.0
580000.0,4.932004,1.2186166090766589E-6,580000.0,93.43793103448276,86.52802805332487,86.54605484091046,84.40994552082907,580000.0,2001168.0,761.0,489.0,489.0,8.0,0.0,0.0,1.0
590000.0,5.012194,1.2604203654328981E-6,590000.0,93.48016949152542,86.61502797905656,86.6299863404597,84.51134661534249,590000.0,2015104.0,768.0,494.0,494.0,8.0,0.0,0.0,1.0
600000.0,5.092527,1.3024948529650767E-6,600000.0,93.51983333333334,86.6969672797834,86.71075792531829,84.60676603915515,600000.0,2024544.0,777.0,500.0,500.0,8.0,0.0,0.0,1.0
610000.0,5.174629,1.3460778277657098E-6,610000.0,93.5583606557377,86.7765004395648,86.79042310717864,84.69925353664756,610000.0,2051944.0,777.0,500.0,500.0,8.0,0.0,0.0,1.0
620000.0,5.249431,1.3859215988384353E-6,620000.0,93.59758064516129,86.85675199607827,86.86978611925193,84.79054672802303,620000.0,2058968.0,777.0,500.0,500.0,8.0,0.0,0.0,1.0
630000.0,5.334329,1.4312783630233672E-6,630000.0,93.63571428571429,86.93681735539838,86.94603253154831,84.88948350260982,630000.0,2065128.0,781.0,502.0,502.0,8.0,0.0,0.0,1.0
640000.0,5.413535,1.4737767883555758E-6,640000.0,93.67328125,87.0144119355196,87.02486012574262,84.9810830860534,640000.0,2074040.0,788.0,507.0,507.0,8.0,0.0,0.0,1.0
650000.0,5.490831,1.5156282468719617E-6,650000.0,93.71153846153845,87.09252609973291,87.10140582842897,85.06985663409733,650000.0,2092936.0,792.0,509.0,509.0,8.0,0.0,0.0,1.0
660000.0,5.57332,1.5604915077839463E-6,660000.0,93.745,87.16146429906343,87.16943015648553,85.14973290886527,660000.0,2102312.0,796.0,511.0,511.0,8.0,0.0,0.0,1.0
670000.0,5.646804,1.6005471037845647E-6,670000.0,93.78029850746269,87.23409428089259,87.24374691975916,85.23384819267716,670000.0,2107040.0,800.0,513.0,513.0,8.0,0.0,0.0,1.0
680000.0,5.725024,1.6434785652015774E-6,680000.0,93.81397058823529,87.30250727103773,87.31476511281461,85.31024319378676,680000.0,2121584.0,806.0,516.0,516.0,8.0,0.0,0.0,1.0
690000.0,5.800106,1.6849194053870938E-6,690000.0,93.84753623188405,87.37054829235234,87.38503689219989,85.38582026610668,690000.0,2133512.0,808.0,517.0,517.0,8.0,0.0,0.0,1.0
700000.0,5.878278,1.7281251186856794E-6,700000.0,93.87885714285714,87.43446873652975,87.44995123265684,85.4580503714564,700000.0,2136448.0,824.0,528.0,528.0,8.0,0.0,0.0,1.0
710000.0,5.965487,1.7772576288361517E-6,710000.0,93.9143661971831,87.50722091629125,87.52378559899284,85.54113655072716,710000.0,2177760.0,842.0,540.0,540.0,8.0,0.0,0.0,1.0
720000.0,6.062203,1.8330665510209899E-6,720000.0,93.94805555555556,87.57649661673592,87.59324852226005,85.6220364877038,720000.0,2230528.0,860.0,552.0,552.0,8.0,0.0,0.0,1.0
730000.0,6.150786,1.8853379543456767E-6,730000.0,93.97575342465754,87.63413854996841,87.65124605124606,85.6901600937134,730000.0,2280952.0,867.0,557.0,557.0,8.0,0.0,0.0,1.0
740000.0,6.238084,1.937241352312267E-6,740000.0,94.00337837837837,87.69181770332179,87.70578098420245,85.75985418090681,740000.0,2298232.0,880.0,565.0,565.0,8.0,0.0,0.0,1.0
750000.0,6.321514,1.987381146065891E-6,750000.0,94.03240000000001,87.75083563964388,87.76429098663169,85.82616571450288,750000.0,2323072.0,895.0,574.0,574.0,8.0,0.0,0.0,1.0
760000.0,6.408265,2.0402577587775886E-6,760000.0,94.05723684210527,87.80162052962389,87.81616203034292,85.88404066796475,760000.0,2356088.0,905.0,579.0,579.0,8.0,0.0,0.0,1.0
770000.0,6.494664,2.0935483435727655E-6,770000.0,94.08545454545455,87.85862135592888,87.87360774947346,85.94725360174526,770000.0,2384208.0,916.0,586.0,586.0,8.0,0.0,0.0,1.0
780000.0,6.580496,2.1472926633329025E-6,780000.0,94.11820512820512,87.92592313798544,87.93868124183366,86.02550122145122,780000.0,2420392.0,929.0,594.0,594.0,8.0,0.0,0.0,1.0
790000.0,6.665345,2.200877338544362E-6,790000.0,94.14746835443037,87.98618699999126,87.99754940773026,86.09544775154352,790000.0,2441160.0,937.0,598.0,598.0,8.0,0.0,0.0,1.0
800000.0,6.750151,2.254916120055649E-6,800000.0,94.171125,88.03417270816611,88.04468213842542,86.14905706893838,800000.0,2463096.0,943.0,601.0,601.0,8.0,0.0,0.0,1.0
810000.0,6.836688,2.310366487838328E-6,810000.0,94.19888888888889,88.09157451761926,88.09944104931785,86.21562633842399,810000.0,2476880.0,957.0,611.0,611.0,8.0,0.0,0.0,1.0
820000.0,6.923007,2.366288852542639E-6,820000.0,94.22890243902438,88.15394163347976,88.1611996157387,86.28910992064296,820000.0,2504272.0,974.0,624.0,624.0,8.0,0.0,0.0,1.0
830000.0,7.019863,2.430424424923129E-6,830000.0,94.25831325301205,88.2141926658194,88.22261763542902,86.35811940366868,830000.0,2559616.0,990.0,635.0,635.0,8.0,0.0,0.0,1.0
840000.0,7.123353,2.5002825140125224E-6,840000.0,94.28476190476191,88.26875010717545,88.27780870618341,86.42227055339825,840000.0,2609280.0,1002.0,644.0,644.0,8.0,0.0,0.0,1.0
850000.0,7.225683,2.5700759439832636E-6,850000.0,94.31070588235293,88.32105628181256,88.3293996129026,86.48011674979311,850000.0,2636416.0,1006.0,646.0,646.0,8.0,0.0,0.0,1.0
860000.0,7.338753,2.6479721288921108E-6,860000.0,94.3367441860465,88.37512363387552,88.38292645112045,86.54414649375333,860000.0,2663000.0,1022.0,657.0,657.0,8.0,0.0,0.0,1.0
870000.0,7.436478,2.7165615194580625E-6,870000.0,94.36206896551724,88.42787679493912,88.43501326259947,86.60725256182371,870000.0,2713024.0,1056.0,683.0,683.0,8.0,0.0,0.0,1.0
880000.0,7.531114,2.7845099748629666E-6,880000.0,94.38670454545455,88.478248460518,88.4844472315536,86.66456094314817,880000.0,2775400.0,1063.0,688.0,688.0,8.0,0.0,0.0,1.0
890000.0,7.620788,2.8495005616007583E-6,890000.0,94.40752808988763,88.52064681764283,88.52548585655992,86.71295628914196,890000.0,2801472.0,1063.0,688.0,688.0,8.0,0.0,0.0,1.0
900000.0,7.711973,2.9160004685343144E-6,900000.0,94.43122222222222,88.56953840675408,88.57624120749625,86.76995039952273,900000.0,2819032.0,1076.0,696.0,696.0,8.0,0.0,0.0,1.0
910000.0,7.805199,2.9846813128412604E-6,910000.0,94.4565934065934,88.62198091836608,88.63003725750502,86.83193852033224,910000.0,2847744.0,1081.0,700.0,700.0,8.0,0.0,0.0,1.0
920000.0,7.906125,3.0598283742264747E-6,920000.0,94.47902173913043,88.66744951089788,88.6786775407947,86.88305718535658,920000.0,2878136.0,1102.0,715.0,715.0,8.0,0.0,0.0,1.0
930000.0,8.001279,3.131735264735504E-6,930000.0,94.50258064516129,88.7166209511691,88.72791651876366,86.94203013299075,930000.0,2921096.0,1106.0,717.0,717.0,8.0,0.0,0.0,1.0
940000.0,8.095378,3.2034714064560838E-6,940000.0,94.52755319148936,88.76898904263574,88.779144971763,87.005516990512,940000.0,2946832.0,1123.0,730.0,730.0,8.0,0.0,0.0,1.0
950000.0,8.191123,3.2774650335001455E-6,950000.0,94.55168421052632,88.8187284106634,88.82864721714414,87.06335479484925,950000.0,2987312.0,1125.0,731.0,731.0,8.0,0.0,0.0,1.0
960000.0,8.292254,3.356026275031683E-6,960000.0,94.5728125,88.86232198005509,88.87289502066271,87.11417463049801,960000.0,3002800.0,1129.0,733.0,733.0,8.0,0.0,0.0,1.0
970000.0,8.390502,3.4326010773475803E-6,970000.0,94.59546391752576,88.90926163877344,88.91862298713541,87.16915741914639,970000.0,3012760.0,1134.0,737.0,737.0,8.0,0.0,0.0,1.0
980000.0,8.484769,3.5061308239317607E-6,980000.0,94.61928571428572,88.95880481692949,88.96656344158018,87.22843067443652,980000.0,3015128.0,1139.0,741.0,741.0,8.0,0.0,0.0,1.0
990000.0,8.61112,3.605313404194183E-6,990000.0,94.64353535353536,89.00824363914957,89.0151114977887,87.28400627299018,990000.0,3034304.0,1157.0,753.0,753.0,8.0,0.0,0.0,1.0
1000000.0,8.858302,3.801178958109684E-6,1000000.0,94.6691,89.06085590706472,89.06641289166089,87.34504451038575,1000000.0,3062976.0,1163.0,756.0,756.0,8.0,3984.910052910053,0.0,1.0167244684975596
