learning evaluation instances,evaluation time (cpu seconds),model cost (RAM-Hours),classified instances,classifications correct (percent),Kappa Statistic (percent),Kappa Temporal Statistic (percent),Kappa M Statistic (percent),model training instances,model serialized size (bytes),tree size (nodes),tree size (leaves),active learning leaves,tree depth,active leaf byte size estimate,inactive leaf byte size estimate,byte size estimate overhead
10000.0,0.5008,2.2207160790761312E-8,10000.0,81.03,60.506223194926214,61.55249290636401,54.59550023934897,10000.0,171408.0,55.0,43.0,43.0,3.0,0.0,0.0,1.0
20000.0,0.619738,2.8153275301059086E-8,20000.0,84.33,67.51739715970629,67.68405856877708,62.57910447761195,20000.0,193248.0,59.0,45.0,45.0,3.0,0.0,0.0,1.0
30000.0,0.745674,3.518919449713495E-8,30000.0,85.73666666666668,70.5079605761941,70.61126373626374,65.88807397959185,30000.0,215960.0,73.0,52.0,52.0,4.0,0.0,0.0,1.0
40000.0,0.897563,4.6639091405603624E-8,40000.0,86.7,72.54235872126802,72.4965103655069,68.21223709369025,40000.0,291392.0,101.0,69.0,69.0,4.0,0.0,0.0,1.0
50000.0,0.993015,5.451572547356288E-8,50000.0,87.22999999999999,73.64613626965549,73.487522318648,69.46145016261717,50000.0,318976.0,110.0,75.0,75.0,5.0,0.0,0.0,1.0
60000.0,1.066985,6.120891806566053E-8,60000.0,87.80833333333334,74.84973187544982,74.67894354252483,70.83914690053817,60000.0,349768.0,126.0,83.0,83.0,5.0,0.0,0.0,1.0
70000.0,1.144317,6.888235947738091E-8,70000.0,88.16000000000001,75.58259334223936,75.46622461665977,71.68044830178366,70000.0,383560.0,136.0,91.0,91.0,5.0,0.0,0.0,1.0
80000.0,1.195669,7.402708392590285E-8,80000.0,88.515,76.3279353262292,76.22706926440529,72.5952217615653,80000.0,387264.0,136.0,91.0,91.0,5.0,0.0,0.0,1.0
90000.0,1.295761,8.507154535502196E-8,90000.0,88.71666666666667,76.74417219947733,76.66429211572489,73.06651814131126,90000.0,426528.0,158.0,102.0,102.0,5.0,0.0,0.0,1.0
100000.0,1.39239,9.693599204429323E-8,100000.0,88.93299999999999,77.18440697393946,77.12579058327476,73.57071213640923,100000.0,474616.0,178.0,112.0,112.0,5.0,0.0,0.0,1.0
110000.0,1.450792,1.0436279471342763E-7,110000.0,89.18727272727273,77.7074709260372,77.65965439519158,74.171552660152,110000.0,491560.0,184.0,115.0,115.0,5.0,0.0,0.0,1.0
120000.0,1.53132,1.1520843958482147E-7,120000.0,89.42333333333333,78.21039751508434,78.18719279551783,74.79395467995948,120000.0,520608.0,200.0,123.0,123.0,5.0,0.0,0.0,1.0
130000.0,1.588797,1.2343606230492393E-7,130000.0,89.61,78.60244398624313,78.58309416969254,75.26915189688003,130000.0,553328.0,215.0,135.0,135.0,6.0,0.0,0.0,1.0
140000.0,1.653183,1.3314745389545956E-7,140000.0,89.815,79.02573882077185,79.0373561106129,75.76483785437487,140000.0,583032.0,221.0,138.0,138.0,6.0,0.0,0.0,1.0
150000.0,1.707298,1.4134662130226691E-7,150000.0,89.98133333333334,79.366157170862,79.39167878006637,76.15927659236932,150000.0,585672.0,221.0,138.0,138.0,6.0,0.0,0.0,1.0
160000.0,1.778001,1.5266811340840328E-7,160000.0,90.125625,79.67058361145943,79.70297665694575,76.53218858619766,160000.0,618968.0,237.0,146.0,146.0,6.0,0.0,0.0,1.0
170000.0,1.837241,1.6245186815452245E-7,170000.0,90.28176470588235,79.9948654791552,80.02877036893766,76.9079168064408,170000.0,638400.0,245.0,150.0,150.0,6.0,0.0,0.0,1.0
180000.0,1.890881,1.7190001795482306E-7,180000.0,90.40722222222223,80.2520473727342,80.29218741083149,77.19383981403215,180000.0,680864.0,261.0,161.0,161.0,6.0,0.0,0.0,1.0
190000.0,1.960998,1.8585495811369686E-7,190000.0,90.53578947368422,80.51867733125681,80.55369308965071,77.49662111428142,190000.0,769320.0,295.0,184.0,184.0,6.0,0.0,0.0,1.0
200000.0,2.024608,1.9877261752469675E-7,200000.0,90.6635,80.7822144536321,80.82086256303859,77.79218153491192,200000.0,784984.0,301.0,187.0,187.0,6.0,0.0,0.0,1.0
210000.0,2.106028,2.161034245996012E-7,210000.0,90.79428571428572,81.05010518632567,81.10023756684623,78.09554024655549,210000.0,822792.0,318.0,197.0,197.0,6.0,0.0,0.0,1.0
220000.0,2.177653,2.3154496941922442E-7,220000.0,90.90545454545455,81.28183425777283,81.330422043688,78.36247823594934,220000.0,833352.0,322.0,199.0,199.0,6.0,0.0,0.0,1.0
230000.0,2.252685,2.4798237258154487E-7,230000.0,91.01739130434783,81.51263436107521,81.5711775357471,78.62500646629765,230000.0,846816.0,326.0,201.0,201.0,6.0,0.0,0.0,1.0
240000.0,2.319685,2.6300352123669454E-7,240000.0,91.12541666666667,81.73260381265774,81.79059050843401,78.8662658014328,240000.0,866624.0,333.0,206.0,206.0,6.0,0.0,0.0,1.0
250000.0,2.375845,2.7580836025170157E-7,250000.0,91.2396,81.97013281934694,82.02522918838177,79.13912331167965,250000.0,881352.0,339.0,209.0,209.0,6.0,0.0,0.0,1.0
260000.0,2.441482,2.913597696191735E-7,260000.0,91.34346153846154,82.19250754266206,82.24537931796128,79.41445478990981,260000.0,915848.0,358.0,223.0,223.0,6.0,0.0,0.0,1.0
270000.0,2.511907,3.0868749410948823E-7,270000.0,91.42740740740742,82.36578631915204,82.40583786249098,79.61153930852237,270000.0,951080.0,364.0,226.0,226.0,6.0,0.0,0.0,1.0
280000.0,2.574512,3.244939719782108E-7,280000.0,91.52107142857143,82.55657652547606,82.60171776983057,79.81945377115511,280000.0,975952.0,383.0,240.0,240.0,6.0,0.0,0.0,1.0
290000.0,2.636995,3.406318591535092E-7,290000.0,91.59862068965518,82.71752127075126,82.76042624853177,80.00902564102564,290000.0,998360.0,385.0,241.0,241.0,6.0,0.0,0.0,1.0
300000.0,2.700184,3.574056217633188E-7,300000.0,91.687,82.90271857272049,82.94139374538291,80.22801328756152,300000.0,1026104.0,396.0,248.0,248.0,6.0,0.0,0.0,1.0
310000.0,2.786983,3.818448853430649E-7,310000.0,91.75709677419354,83.04676580732718,83.08330905913195,80.39391707332044,310000.0,1088368.0,417.0,263.0,263.0,7.0,0.0,0.0,1.0
320000.0,2.86176,4.0363726083603173E-7,320000.0,91.826875,83.1880822871447,83.23063803594441,80.54915143311865,320000.0,1126520.0,433.0,274.0,274.0,7.0,0.0,0.0,1.0
330000.0,2.969637,4.3609767079146373E-7,330000.0,91.89515151515153,83.33020303179359,83.37146551938524,80.71721075095168,330000.0,1163128.0,444.0,281.0,281.0,7.0,0.0,0.0,1.0
340000.0,3.058336,4.633768308762875E-7,340000.0,91.96264705882353,83.47075271586571,83.51580737979334,80.88192083280865,340000.0,1188816.0,458.0,291.0,291.0,7.0,0.0,0.0,1.0
350000.0,3.155095,4.940289537650016E-7,350000.0,92.03514285714286,83.62146904426726,83.65570089293567,81.05808888979486,350000.0,1224536.0,468.0,296.0,296.0,7.0,0.0,0.0,1.0
360000.0,3.22039,5.150162154104975E-7,360000.0,92.10000000000001,83.75492366186728,83.78535550779091,81.21246952971721,360000.0,1242448.0,473.0,300.0,300.0,7.0,0.0,0.0,1.0
370000.0,3.290959,5.384473099973467E-7,370000.0,92.17594594594594,83.91235756843692,83.9315053285968,81.39500507718608,370000.0,1283456.0,484.0,307.0,307.0,7.0,0.0,0.0,1.0
380000.0,3.360487,5.618900529709127E-7,380000.0,92.2428947368421,84.05149612062513,84.0718245777091,81.55958711291836,380000.0,1303320.0,489.0,311.0,311.0,7.0,0.0,0.0,1.0
390000.0,3.43251,5.864313108370535E-7,390000.0,92.30564102564102,84.18079391496589,84.19516922461105,81.70545093185878,390000.0,1317128.0,497.0,315.0,315.0,7.0,0.0,0.0,1.0
400000.0,3.511137,6.139454986920786E-7,400000.0,92.366,84.30845343177798,84.32813606643195,81.86267521976718,400000.0,1352656.0,516.0,329.0,329.0,7.0,0.0,0.0,1.0
410000.0,3.593349,6.435792210470469E-7,410000.0,92.42390243902439,84.42696392402159,84.44605793545479,81.99607022587506,410000.0,1393328.0,529.0,337.0,337.0,7.0,0.0,0.0,1.0
420000.0,3.66354,6.693164438712926E-7,420000.0,92.48809523809524,84.55965294104071,84.5819283585007,82.14942431186172,420000.0,1417368.0,537.0,341.0,341.0,7.0,0.0,0.0,1.0
430000.0,3.728223,6.933980135950776E-7,430000.0,92.55372093023256,84.69313614728694,84.7128922755203,82.29771941948862,430000.0,1439120.0,543.0,344.0,344.0,7.0,0.0,0.0,1.0
440000.0,3.793139,7.179001905934677E-7,440000.0,92.60909090909091,84.80781656356197,84.82161193361088,82.43073864373082,440000.0,1459000.0,550.0,349.0,349.0,7.0,0.0,0.0,1.0
450000.0,3.866941,7.462032583148941E-7,450000.0,92.66022222222222,84.9151826111059,84.93175057939013,82.55968064715418,450000.0,1482408.0,562.0,355.0,355.0,7.0,0.0,0.0,1.0
460000.0,3.935887,7.727734707585638E-7,460000.0,92.71434782608695,85.02689916549,85.05127278728595,82.6882448047688,460000.0,1489664.0,572.0,360.0,360.0,7.0,0.0,0.0,1.0
470000.0,4.014602,8.041209120282695E-7,470000.0,92.7527659574468,85.10655889573073,85.12855664656853,82.77861761776437,470000.0,1539384.0,591.0,371.0,371.0,7.0,0.0,0.0,1.0
480000.0,4.085779,8.331160518444245E-7,480000.0,92.80708333333332,85.21935608092551,85.23791810435131,82.90944371293646,480000.0,1574664.0,605.0,378.0,378.0,7.0,0.0,0.0,1.0
490000.0,4.155576,8.620154619920584E-7,490000.0,92.85979591836735,85.32784245849365,85.34606605097275,83.03348010785018,490000.0,1600496.0,616.0,385.0,385.0,7.0,0.0,0.0,1.0
500000.0,4.228619,8.925757294479342E-7,500000.0,92.9044,85.42015079326879,85.43578122883287,83.14071736775077,500000.0,1617264.0,624.0,389.0,389.0,7.0,0.0,0.0,1.0
510000.0,4.308048,9.26024809003704E-7,510000.0,92.95745098039215,85.5295840223294,85.5400781029832,83.26632159113674,510000.0,1627824.0,628.0,391.0,391.0,7.0,0.0,0.0,1.0
520000.0,4.401724,9.655949383849898E-7,520000.0,93.00634615384615,85.63060972500384,85.64447304119906,83.38465615234196,520000.0,1632832.0,639.0,398.0,398.0,7.0,0.0,0.0,1.0
530000.0,4.493665,1.0051927337112524E-6,530000.0,93.05207547169812,85.72489517363587,85.73641969570203,83.49225134598402,530000.0,1664808.0,646.0,403.0,403.0,7.0,0.0,0.0,1.0
540000.0,4.593316,1.0484322389649847E-6,540000.0,93.09592592592593,85.81574418937454,85.83047652348411,83.59846551815158,540000.0,1677264.0,655.0,409.0,409.0,7.0,0.0,0.0,1.0
550000.0,4.66543,1.0803364393425484E-6,550000.0,93.14290909090909,85.91302020681677,85.9246182956823,83.71138829382903,550000.0,1710136.0,660.0,413.0,413.0,7.0,0.0,0.0,1.0
560000.0,4.753893,1.120104379262775E-6,560000.0,93.18607142857142,86.00150375960538,86.01282225162844,83.81324871890588,560000.0,1737696.0,675.0,422.0,422.0,7.0,0.0,0.0,1.0
570000.0,4.860812,1.168628023525493E-6,570000.0,93.22859649122806,86.08803863459794,86.10183894884285,83.91054233190212,570000.0,1754288.0,680.0,426.0,426.0,7.0,0.0,0.0,1.0
580000.0,4.943183,1.206449716374692E-6,580000.0,93.27672413793103,86.18755538423194,86.20066103770179,84.0257096157076,580000.0,1774880.0,701.0,441.0,441.0,7.0,0.0,0.0,1.0
590000.0,5.032714,1.2489511271814504E-6,590000.0,93.31322033898304,86.26372045083198,86.27627638073835,84.11646529754452,590000.0,1834984.0,725.0,459.0,459.0,8.0,0.0,0.0,1.0
600000.0,5.156655,1.3101646920976538E-6,600000.0,93.35083333333334,86.34237187998296,86.35555251547592,84.21125534272599,600000.0,1909128.0,735.0,467.0,467.0,8.0,0.0,0.0,1.0
610000.0,5.244281,1.3537490243940715E-6,610000.0,93.39409836065575,86.43224626076453,86.44551261567028,84.31628971427905,610000.0,1922648.0,737.0,468.0,468.0,8.0,0.0,0.0,1.0
620000.0,5.349465,1.4069179208307627E-6,620000.0,93.43306451612902,86.5124417148932,86.52740183848103,84.40868656156299,620000.0,1953936.0,763.0,487.0,487.0,8.0,0.0,0.0,1.0
630000.0,5.439867,1.4533911937702859E-6,630000.0,93.47142857142858,86.5908995999888,86.60657590095444,84.49790629393297,630000.0,1987136.0,772.0,493.0,493.0,8.0,0.0,0.0,1.0
640000.0,5.533346,1.502061101614187E-6,640000.0,93.5090625,86.66851383261583,86.68760314688116,84.58764473894121,640000.0,2012560.0,798.0,512.0,512.0,8.0,0.0,0.0,1.0
650000.0,5.669338,1.5754291595704851E-6,650000.0,93.54061538461539,86.73312851408917,86.7486002487044,84.66175191974692,650000.0,2085432.0,806.0,516.0,516.0,8.0,0.0,0.0,1.0
660000.0,5.757166,1.623755262835572E-6,660000.0,93.57469696969697,86.80403446474371,86.81874413313358,84.74727456488351,660000.0,2126920.0,822.0,527.0,527.0,8.0,0.0,0.0,1.0
670000.0,5.84751,1.6741585069667132E-6,670000.0,93.60462686567163,86.86726714335768,86.88092438827245,84.82442315524781,670000.0,2156560.0,831.0,533.0,533.0,8.0,0.0,0.0,1.0
680000.0,5.948077,1.7307836616370411E-6,680000.0,93.63941176470588,86.93757825545462,86.95338728700315,84.9015240901189,680000.0,2176488.0,835.0,535.0,535.0,8.0,0.0,0.0,1.0
690000.0,6.059744,1.7943541711775792E-6,690000.0,93.66826086956522,86.99666961397647,87.01386329318605,84.96882913134426,690000.0,2200560.0,843.0,539.0,539.0,8.0,0.0,0.0,1.0
700000.0,6.170247,1.858812829999046E-6,700000.0,93.69528571428572,87.05132192750185,87.06842748351066,85.02839424923162,700000.0,2254808.0,866.0,555.0,555.0,8.0,0.0,0.0,1.0
710000.0,6.267494,1.916071937324272E-6,710000.0,93.72295774647887,87.10821539795445,87.12048088316043,85.09325287986836,710000.0,2275992.0,880.0,565.0,565.0,8.0,0.0,0.0,1.0
720000.0,6.375266,1.9803641473419135E-6,720000.0,93.75486111111111,87.17310069521423,87.1810588134675,85.16579406631763,720000.0,2305976.0,882.0,566.0,566.0,8.0,0.0,0.0,1.0
730000.0,6.46285,2.0332344258990553E-6,730000.0,93.7854794520548,87.23584225941558,87.2446311385529,85.23746766242009,730000.0,2333400.0,891.0,572.0,572.0,8.0,0.0,0.0,1.0
740000.0,6.553999,2.0887456860620942E-6,740000.0,93.81972972972973,87.30551375391322,87.31415320433162,85.31497946588833,740000.0,2354136.0,902.0,579.0,579.0,8.0,0.0,0.0,1.0
750000.0,6.669349,2.1600433015181787E-6,750000.0,93.85186666666667,87.37132581677581,87.37926258830355,85.389833623249,750000.0,2389240.0,916.0,589.0,589.0,8.0,0.0,0.0,1.0
760000.0,6.777248,2.227378819520689E-6,760000.0,93.88197368421054,87.43271693329415,87.43976098889226,85.45896348557062,760000.0,2412288.0,922.0,592.0,592.0,8.0,0.0,0.0,1.0
770000.0,6.868924,2.285073642037395E-6,770000.0,93.91207792207791,87.49330156713991,87.49950000133332,85.5243288979196,770000.0,2432672.0,931.0,598.0,598.0,8.0,0.0,0.0,1.0
780000.0,6.957138,2.3409729209438794E-6,780000.0,93.93782051282051,87.54716084578983,87.55071467875656,85.58950900408071,780000.0,2449464.0,937.0,601.0,601.0,8.0,0.0,0.0,1.0
790000.0,7.050087,2.4003587789854243E-6,790000.0,93.96620253164556,87.60499166871303,87.6132663588195,85.65456843625859,790000.0,2469680.0,958.0,616.0,616.0,8.0,0.0,0.0,1.0
800000.0,7.145563,2.4629470524212555E-6,800000.0,93.99437499999999,87.66324965866542,87.66960864577425,85.72218210347071,800000.0,2533968.0,971.0,624.0,624.0,8.0,0.0,0.0,1.0
810000.0,7.245499,2.5298927637955382E-6,810000.0,94.02037037037036,87.71678783352873,87.71991207320133,85.7833051063867,810000.0,2589424.0,992.0,639.0,639.0,8.0,0.0,0.0,1.0
820000.0,7.343386,2.596796473751052E-6,820000.0,94.04914634146341,87.77548977805284,87.77639446597347,85.84950252723704,820000.0,2641968.0,1004.0,648.0,648.0,8.0,0.0,0.0,1.0
830000.0,7.438284,2.6623348499234357E-6,830000.0,94.07036144578313,87.81843114361764,87.81752023564941,85.89653947112024,830000.0,2669568.0,1012.0,652.0,652.0,8.0,0.0,0.0,1.0
840000.0,7.534277,2.729242741138571E-6,840000.0,94.095,87.86941671533623,87.86907938340232,85.95627935684617,840000.0,2694264.0,1026.0,662.0,662.0,8.0,0.0,0.0,1.0
850000.0,7.633444,2.799359154231433E-6,850000.0,94.12011764705882,87.92182408880693,87.92045418840891,86.01880421738144,850000.0,2733096.0,1035.0,668.0,668.0,8.0,0.0,0.0,1.0
860000.0,7.727305,2.8660638860944247E-6,860000.0,94.14872093023256,87.98124052985978,87.98089210007763,86.08937234792464,860000.0,2747096.0,1043.0,672.0,672.0,8.0,0.0,0.0,1.0
870000.0,7.824865,2.9357337906542754E-6,870000.0,94.17333333333333,88.03162472807328,88.02920673303987,86.14666087303475,870000.0,2760424.0,1055.0,681.0,681.0,8.0,0.0,0.0,1.0
880000.0,7.919384,3.0038382624338075E-6,880000.0,94.20306818181818,88.09323998336143,88.08972919210574,86.21914618300093,880000.0,2785216.0,1062.0,686.0,686.0,8.0,0.0,0.0,1.0
890000.0,8.019493,3.0762661927669416E-6,890000.0,94.22651685393258,88.14201687554393,88.1412690023794,86.2774003332906,890000.0,2796632.0,1069.0,691.0,691.0,8.0,0.0,0.0,1.0
900000.0,8.1201,3.1497319590093365E-6,900000.0,94.25355555555555,88.19785903457537,88.19614511177807,86.34190914324648,900000.0,2822664.0,1078.0,697.0,697.0,8.0,0.0,0.0,1.0
910000.0,8.222995,3.2263240079705916E-6,910000.0,94.27538461538461,88.24321677187197,88.23922500886111,86.39523647854588,910000.0,2877344.0,1102.0,715.0,715.0,8.0,0.0,0.0,1.0
920000.0,8.339718,3.3140477099497286E-6,920000.0,94.3008695652174,88.29536981793926,88.29185507731815,86.45524952079813,920000.0,2905112.0,1111.0,721.0,721.0,8.0,0.0,0.0,1.0
930000.0,8.44222,3.391651662151433E-6,930000.0,94.3243010752688,88.34339764189193,88.3407734972599,86.50974378633953,930000.0,2926536.0,1115.0,723.0,723.0,8.0,0.0,0.0,1.0
940000.0,8.546913,3.471775039860772E-6,940000.0,94.34734042553191,88.39112710151733,88.38931996617421,86.56531127214251,940000.0,2958312.0,1132.0,736.0,736.0,8.0,0.0,0.0,1.0
950000.0,8.651015,3.552879935349855E-6,950000.0,94.37231578947369,88.44219546618348,88.44035745096724,86.62318068201436,950000.0,3011552.0,1136.0,738.0,738.0,8.0,0.0,0.0,1.0
960000.0,8.757364,3.6366066053178573E-6,960000.0,94.39520833333333,88.4891141913657,88.48702581143509,86.67620854113325,960000.0,3043216.0,1147.0,745.0,745.0,8.0,0.0,0.0,1.0
970000.0,8.854846,3.71364215641386E-6,970000.0,94.4138144329897,88.52749910534837,88.52485054097498,86.72090772077294,970000.0,3054704.0,1149.0,746.0,746.0,8.0,0.0,0.0,1.0
980000.0,8.957177,3.7951117539385126E-6,980000.0,94.4380612244898,88.57769931525594,88.57501582523906,86.7799002677636,980000.0,3077448.0,1160.0,753.0,753.0,8.0,0.0,0.0,1.0
990000.0,9.059249,3.876841800310132E-6,990000.0,94.46131313131313,88.62605059745282,88.62395332818814,86.83658379665638,990000.0,3095120.0,1170.0,761.0,761.0,8.0,0.0,0.0,1.0
1000000.0,9.264367,4.041638745920112E-6,1000000.0,94.4854,88.67572087884847,88.6720595545732,86.89387187622543,1000000.0,3105616.0,1170.0,761.0,761.0,8.0,4014.444152431012,0.0,1.016570910823989
