learning evaluation instances,evaluation time (cpu seconds),model cost (RAM-Hours),classified instances,classifications correct (percent),Kappa Statistic (percent),Kappa Temporal Statistic (percent),Kappa M Statistic (percent),model training instances,model serialized size (bytes),tree size (nodes),tree size (leaves),active learning leaves,tree depth,active leaf byte size estimate,inactive leaf byte size estimate,byte size estimate overhead
10000.0,0.427768,1.695547819137573E-8,10000.0,81.38,61.521501813717684,62.03099510603588,56.239717978848404,10000.0,153216.0,50.0,39.0,39.0,3.0,0.0,0.0,1.0
20000.0,0.540779,2.2619081249253614E-8,20000.0,84.19,67.27062337848814,67.45239320638188,62.44655581947743,20000.0,193720.0,59.0,45.0,45.0,3.0,0.0,0.0,1.0
30000.0,0.616342,2.6862761355522605E-8,30000.0,85.54333333333334,70.07556385862253,70.25581235854881,65.53286179766353,30000.0,217088.0,70.0,52.0,52.0,4.0,0.0,0.0,1.0
40000.0,0.728115,3.5035510359125E-8,40000.0,86.4425,71.98225784098317,72.1740468982503,67.69716464141052,40000.0,282640.0,97.0,67.0,67.0,4.0,0.0,0.0,1.0
50000.0,0.81293,4.170912264949745E-8,50000.0,87.148,73.44061756560481,73.60009859907153,69.282982791587,50000.0,304152.0,107.0,72.0,72.0,4.0,0.0,0.0,1.0
60000.0,0.893063,4.827189015017615E-8,60000.0,87.62333333333333,74.45504415252637,74.66998669713819,70.50365427391165,60000.0,316576.0,119.0,78.0,78.0,4.0,0.0,0.0,1.0
70000.0,0.993366,5.716619114494986E-8,70000.0,87.95428571428572,75.15842633220008,75.37958420929691,71.3304545918194,70000.0,342768.0,125.0,81.0,81.0,5.0,0.0,0.0,1.0
80000.0,1.082594,6.585051577538252E-8,80000.0,88.35125000000001,75.98068837035153,76.21429847622451,72.26405547784161,80000.0,376216.0,138.0,89.0,89.0,5.0,0.0,0.0,1.0
90000.0,1.178969,7.604462754602233E-8,90000.0,88.59777777777778,76.50070542486536,76.67568243289314,72.8583141580047,90000.0,408872.0,154.0,97.0,97.0,5.0,0.0,0.0,1.0
100000.0,1.261247,8.539946579063932E-8,100000.0,88.883,77.09148705976266,77.23232571475384,73.53725303499166,100000.0,439496.0,166.0,103.0,103.0,5.0,0.0,0.0,1.0
110000.0,1.346957,9.571853612239162E-8,110000.0,89.14818181818181,77.64151604447785,77.79286737484419,74.1874797275381,110000.0,465384.0,178.0,109.0,109.0,5.0,0.0,0.0,1.0
120000.0,1.416758,1.0434846485654513E-7,120000.0,89.39666666666668,78.15476507685183,78.30667985133154,74.78698529703168,120000.0,477912.0,184.0,112.0,112.0,5.0,0.0,0.0,1.0
130000.0,1.51163,1.170688463250796E-7,130000.0,89.60000000000001,78.57129922450791,78.69221919276292,75.25803381890053,130000.0,518280.0,203.0,123.0,123.0,5.0,0.0,0.0,1.0
140000.0,1.6063,1.3018535163253546E-7,140000.0,89.8157142857143,79.02413503795378,79.12934012530009,75.8010862186015,140000.0,535560.0,211.0,127.0,127.0,5.0,0.0,0.0,1.0
150000.0,1.693183,1.4262233590086302E-7,150000.0,90.00399999999999,79.41959979434466,79.5135947533816,76.26254630655731,150000.0,553328.0,217.0,130.0,130.0,5.0,0.0,0.0,1.0
160000.0,1.756421,1.5225637623419365E-7,160000.0,90.168125,79.76281118696758,79.84600404847926,76.65504192327668,160000.0,588888.0,237.0,143.0,143.0,6.0,0.0,0.0,1.0
170000.0,1.805901,1.6006182086550528E-7,170000.0,90.33529411764705,80.10619277686149,80.1572444777237,77.03671609666102,170000.0,609776.0,239.0,144.0,144.0,6.0,0.0,0.0,1.0
180000.0,1.871111,1.7105571507579753E-7,180000.0,90.49166666666667,80.4306357647411,80.49794895168642,77.41250065987437,180000.0,651688.0,255.0,155.0,155.0,6.0,0.0,0.0,1.0
190000.0,1.937718,1.8276223216205837E-7,190000.0,90.63315789473684,80.72495840209997,80.79736728528269,77.75458420309236,190000.0,679376.0,266.0,162.0,162.0,6.0,0.0,0.0,1.0
200000.0,1.991085,1.9239479014649988E-7,200000.0,90.7635,80.99663629681571,81.07371548588699,78.06682180851064,200000.0,697704.0,273.0,167.0,167.0,6.0,0.0,0.0,1.0
210000.0,2.051824,2.0382182283947866E-7,210000.0,90.87857142857143,81.22798004328837,81.28462417805744,78.31329393383602,210000.0,727224.0,282.0,173.0,173.0,6.0,0.0,0.0,1.0
220000.0,2.11036,2.1528663738320273E-7,220000.0,90.99681818181818,81.4699261419902,81.51797628045423,78.58123817247905,220000.0,757088.0,293.0,180.0,180.0,6.0,0.0,0.0,1.0
230000.0,2.173511,2.283151040102045E-7,230000.0,91.10478260869566,81.6903674241736,81.7470513712685,78.82397996149628,230000.0,797472.0,312.0,191.0,191.0,6.0,0.0,0.0,1.0
240000.0,2.253092,2.4508515435581406E-7,240000.0,91.19083333333333,81.87613725981402,81.9343923301062,79.05944810918959,240000.0,814568.0,320.0,195.0,195.0,6.0,0.0,0.0,1.0
250000.0,2.336414,2.6325899462526044E-7,250000.0,91.2956,82.0959988126233,82.1405708845592,79.31876716625008,250000.0,843120.0,328.0,199.0,199.0,6.0,0.0,0.0,1.0
260000.0,2.41612,2.8119179553248815E-7,260000.0,91.37576923076924,82.26440857474478,82.31415388255708,79.51489128448749,260000.0,869680.0,338.0,207.0,207.0,6.0,0.0,0.0,1.0
270000.0,2.49783,3.002972208025555E-7,270000.0,91.46962962962964,82.45901664722335,82.5031336650587,79.73587661337862,270000.0,903824.0,349.0,214.0,214.0,6.0,0.0,0.0,1.0
280000.0,2.59727,3.245816029670338E-7,280000.0,91.56642857142857,82.65880500041601,82.7009999633713,79.95926334549775,280000.0,943992.0,363.0,224.0,224.0,6.0,0.0,0.0,1.0
290000.0,2.69962,3.500710378773511E-7,290000.0,91.65551724137931,82.8438907690041,82.892671822642,80.17239260284973,290000.0,962664.0,368.0,228.0,228.0,6.0,0.0,0.0,1.0
300000.0,2.798168,3.751375773073071E-7,300000.0,91.724,82.98637153264885,83.02939166097062,80.33238802896119,300000.0,983216.0,384.0,239.0,239.0,6.0,0.0,0.0,1.0
310000.0,2.910702,4.056639127205644E-7,310000.0,91.81258064516129,83.16981908038784,83.2148454808182,80.54409983595751,310000.0,1048560.0,403.0,253.0,253.0,6.0,0.0,0.0,1.0
320000.0,2.996948,4.2990159947632097E-7,320000.0,91.893125,83.33634714145163,83.37882340880842,80.73475571266253,320000.0,1086312.0,422.0,264.0,264.0,6.0,0.0,0.0,1.0
330000.0,3.064406,4.492338779465193E-7,330000.0,91.9639393939394,83.48233909073257,83.52058761387505,80.89808325349892,330000.0,1107776.0,431.0,270.0,270.0,6.0,0.0,0.0,1.0
340000.0,3.166631,4.799988786772722E-7,340000.0,92.03441176470588,83.6317507712329,83.6664415120739,81.08002375213943,340000.0,1163328.0,450.0,284.0,284.0,6.0,0.0,0.0,1.0
350000.0,3.254088,5.070082856404285E-7,350000.0,92.09285714285714,83.75284453604388,83.79759730223408,81.2208643491596,350000.0,1193776.0,452.0,285.0,285.0,6.0,0.0,0.0,1.0
360000.0,3.336613,5.329823278366693E-7,360000.0,92.16250000000001,83.89572230812381,83.92509201125785,81.38201350076216,360000.0,1216624.0,461.0,291.0,291.0,7.0,0.0,0.0,1.0
370000.0,3.421504,5.600689451624123E-7,370000.0,92.23,84.03444330297778,84.06648524920884,81.53908392142762,370000.0,1233376.0,479.0,303.0,303.0,7.0,0.0,0.0,1.0
380000.0,3.503366,5.870411071036425E-7,380000.0,92.29947368421053,84.17579060520394,84.20566851443037,81.69683625855363,380000.0,1273608.0,483.0,305.0,305.0,7.0,0.0,0.0,1.0
390000.0,3.573409,6.105465970664389E-7,390000.0,92.36076923076924,84.30288950352029,84.32780469329462,81.84582386311705,390000.0,1297200.0,495.0,314.0,314.0,7.0,0.0,0.0,1.0
400000.0,3.644737,6.350351224570639E-7,400000.0,92.4265,84.43831724004428,84.45863793766833,82.001817998182,400000.0,1327104.0,505.0,319.0,319.0,7.0,0.0,0.0,1.0
410000.0,3.724289,6.626140176815292E-7,410000.0,92.4870731707317,84.56223396602098,84.58686308162662,82.14122135191701,410000.0,1340072.0,511.0,322.0,322.0,7.0,0.0,0.0,1.0
420000.0,3.805844,6.91652249408265E-7,420000.0,92.54666666666667,84.68598345498764,84.70834778445922,82.28600207108461,420000.0,1376328.0,528.0,332.0,332.0,7.0,0.0,0.0,1.0
430000.0,3.872628,7.157603944465519E-7,430000.0,92.60744186046512,84.81148301691371,84.83375239149414,82.43203660821362,430000.0,1395384.0,537.0,338.0,338.0,7.0,0.0,0.0,1.0
440000.0,3.945855,7.430130562869211E-7,440000.0,92.66045454545454,84.92104966791929,84.93946686067117,82.55764338606619,440000.0,1438600.0,551.0,348.0,348.0,7.0,0.0,0.0,1.0
450000.0,4.036602,7.777833551292618E-7,450000.0,92.714,85.03380013587379,85.05796890096067,82.69413478591335,450000.0,1481080.0,567.0,356.0,356.0,7.0,0.0,0.0,1.0
460000.0,4.122856,8.111748746203052E-7,460000.0,92.76652173913044,85.14273009535198,85.16652772638722,82.82082524472347,460000.0,1496440.0,571.0,358.0,358.0,7.0,0.0,0.0,1.0
470000.0,4.210452,8.452474513649941E-7,470000.0,92.8131914893617,85.2393579210604,85.25898674626761,82.93204246524812,470000.0,1503568.0,575.0,360.0,360.0,7.0,0.0,0.0,1.0
480000.0,4.291436,8.770863580372598E-7,480000.0,92.87166666666667,85.36031669069864,85.3833995471827,83.07278268096726,480000.0,1519712.0,585.0,365.0,365.0,7.0,0.0,0.0,1.0
490000.0,4.364286,9.061079233222537E-7,490000.0,92.92387755102041,85.46765040936475,85.49004017408771,83.19691396614473,490000.0,1539904.0,593.0,369.0,369.0,7.0,0.0,0.0,1.0
500000.0,4.434799,9.346165891674658E-7,500000.0,92.9712,85.56503902181215,85.58413697202886,83.30736786107839,500000.0,1562824.0,606.0,377.0,377.0,7.0,0.0,0.0,1.0
510000.0,4.507932,9.645175149167578E-7,510000.0,93.01921568627452,85.66372313968013,85.68412756495061,83.41964568469292,510000.0,1580424.0,619.0,385.0,385.0,7.0,0.0,0.0,1.0
520000.0,4.575281,9.926595232263207E-7,520000.0,93.06384615384616,85.7569244554864,85.77928478492292,83.53021758487637,520000.0,1615200.0,623.0,387.0,387.0,7.0,0.0,0.0,1.0
530000.0,4.651773,1.0255678571056989E-6,530000.0,93.10943396226415,85.85088760793508,85.87195784798816,83.63960541523686,530000.0,1663000.0,640.0,400.0,400.0,7.0,0.0,0.0,1.0
540000.0,4.726181,1.0579105497193005E-6,540000.0,93.15592592592593,85.94874471034315,85.96977416036171,83.75786661041383,540000.0,1680192.0,646.0,403.0,403.0,7.0,0.0,0.0,1.0
550000.0,4.809175,1.094475165468951E-6,550000.0,93.20181818181818,86.0431939291727,86.06389957360527,83.86700091905024,550000.0,1703008.0,662.0,414.0,414.0,7.0,0.0,0.0,1.0
560000.0,4.891619,1.131546006835997E-6,560000.0,93.24767857142857,86.13817285018679,86.15653842070387,83.97747448082407,560000.0,1738104.0,678.0,425.0,425.0,7.0,0.0,0.0,1.0
570000.0,4.97729,1.1715364836156367E-6,570000.0,93.28701754385965,86.21921337321636,86.23913919097762,84.07007435408532,570000.0,1804368.0,706.0,445.0,445.0,7.0,0.0,0.0,1.0
580000.0,5.062759,1.2122520097469288E-6,580000.0,93.33258620689655,86.31277119848906,86.32997394737865,84.17762175387776,580000.0,1841424.0,715.0,451.0,451.0,7.0,0.0,0.0,1.0
590000.0,5.142327,1.2507696784577435E-6,590000.0,93.37152542372881,86.39256295713544,86.41238825520028,84.26794535536712,590000.0,1871216.0,719.0,453.0,453.0,7.0,0.0,0.0,1.0
600000.0,5.230174,1.2943692117267183E-6,600000.0,93.40583333333333,86.46335021823053,86.48113030256435,84.35064986433143,600000.0,1918480.0,741.0,470.0,470.0,7.0,0.0,0.0,1.0
610000.0,5.320556,1.3402811388588612E-6,610000.0,93.44573770491803,86.54581542258121,86.56249894969633,84.44633770598945,610000.0,1963568.0,756.0,482.0,482.0,7.0,0.0,0.0,1.0
620000.0,5.415289,1.3893643574251067E-6,620000.0,93.48516129032258,86.6258566007034,86.6447562019951,84.53504043126685,620000.0,2002784.0,765.0,488.0,488.0,7.0,0.0,0.0,1.0
630000.0,5.502911,1.4353641835931272E-6,630000.0,93.52142857142857,86.70055769474814,86.71732621713095,84.62161602079838,630000.0,2029296.0,767.0,489.0,489.0,7.0,0.0,0.0,1.0
640000.0,5.606667,1.4909420698467225E-6,640000.0,93.55624999999999,86.77128805433459,86.78929176637163,84.70110772289861,640000.0,2070576.0,794.0,507.0,507.0,7.0,0.0,0.0,1.0
650000.0,5.694646,1.5388796667361423E-6,650000.0,93.58630769230768,86.83341620726418,86.85267005370699,84.77386696079971,650000.0,2106200.0,803.0,513.0,513.0,7.0,0.0,0.0,1.0
660000.0,5.775771,1.5835692521391641E-6,660000.0,93.62348484848485,86.90940328215224,86.92829743287106,84.86025822280261,660000.0,2129384.0,812.0,519.0,519.0,7.0,0.0,0.0,1.0
670000.0,5.860003,1.6303509563662937E-6,670000.0,93.65865671641791,86.98260550762132,86.9976496798913,84.94729942782236,670000.0,2146848.0,812.0,519.0,519.0,7.0,0.0,0.0,1.0
680000.0,5.946259,1.678659325585597E-6,680000.0,93.68779411764706,87.0435163922485,87.05489222714483,85.02024150205905,680000.0,2164888.0,820.0,523.0,523.0,7.0,0.0,0.0,1.0
690000.0,6.032523,1.7271774876076313E-6,690000.0,93.72173913043478,87.11352101991405,87.12610885748673,85.10131928299238,690000.0,2174088.0,822.0,524.0,524.0,7.0,0.0,0.0,1.0
700000.0,6.114017,1.7731814802438019E-6,700000.0,93.76057142857142,87.19353917405375,87.20687049285006,85.19427513779941,700000.0,2182088.0,833.0,531.0,531.0,8.0,0.0,0.0,1.0
710000.0,6.207513,1.8270458418048088E-6,710000.0,93.78915492957746,87.25195149355405,87.26407328999166,85.26105746573214,710000.0,2226952.0,857.0,546.0,546.0,8.0,0.0,0.0,1.0
720000.0,6.299919,1.8811246687836116E-6,720000.0,93.8176388888889,87.31072979721066,87.32253167729459,85.32986626063686,720000.0,2262192.0,867.0,551.0,551.0,8.0,0.0,0.0,1.0
730000.0,6.388433,1.93355723068532E-6,730000.0,93.84698630136987,87.37139237804817,87.38442439698464,85.40091656645107,730000.0,2289768.0,876.0,557.0,557.0,8.0,0.0,0.0,1.0
740000.0,6.474678,1.985110156430552E-6,740000.0,93.88432432432433,87.44746774938481,87.45822271243368,85.48752252743375,740000.0,2310584.0,883.0,562.0,562.0,8.0,0.0,0.0,1.0
750000.0,6.568366,2.041802989238252E-6,750000.0,93.91746666666667,87.51595605417623,87.52454398774853,85.56799200242965,750000.0,2339088.0,894.0,569.0,569.0,8.0,0.0,0.0,1.0
760000.0,6.661374,2.0984537260006695E-6,760000.0,93.94657894736842,87.57530688047126,87.58369790218849,85.63497614468064,760000.0,2354440.0,903.0,575.0,575.0,8.0,0.0,0.0,1.0
770000.0,6.749041,2.1522718536398474E-6,770000.0,93.97532467532469,87.63288743161934,87.64169164169165,85.69635826012957,770000.0,2372984.0,909.0,578.0,578.0,8.0,0.0,0.0,1.0
780000.0,6.840976,2.209227036564714E-6,780000.0,94.00564102564103,87.69586904064683,87.70417005251684,85.77067400308593,780000.0,2394720.0,920.0,585.0,585.0,8.0,0.0,0.0,1.0
790000.0,6.93764,2.2702874408124218E-6,790000.0,94.0346835443038,87.75542686334484,87.76564536311572,85.8391603138306,790000.0,2441728.0,937.0,598.0,598.0,8.0,0.0,0.0,1.0
800000.0,7.029437,2.329244860301001E-6,800000.0,94.063625,87.81504556114965,87.82534909416249,85.90880228825075,800000.0,2482632.0,952.0,607.0,607.0,8.0,0.0,0.0,1.0
810000.0,7.120963,2.3886840091914765E-6,810000.0,94.09012345679012,87.86991595687724,87.87975460744025,85.97327097929247,810000.0,2510328.0,958.0,610.0,610.0,8.0,0.0,0.0,1.0
820000.0,7.208681,2.4460235840516783E-6,820000.0,94.11817073170732,87.92752272313533,87.93449791491032,86.03934259200297,820000.0,2526784.0,965.0,615.0,615.0,8.0,0.0,0.0,1.0
830000.0,7.299782,2.5060960715077813E-6,830000.0,94.14289156626506,87.97816799397397,87.98663589231613,86.09709781850214,830000.0,2548912.0,974.0,621.0,621.0,8.0,0.0,0.0,1.0
840000.0,7.393556,2.5682653469902767E-6,840000.0,94.1725,88.03824863590958,88.04676683247014,86.16378688992593,840000.0,2562688.0,974.0,621.0,621.0,8.0,0.0,0.0,1.0
850000.0,7.488932,2.6319453682564193E-6,850000.0,94.2035294117647,88.10219047197721,88.11106633624424,86.23812210559247,850000.0,2580872.0,987.0,629.0,629.0,8.0,0.0,0.0,1.0
860000.0,7.576925,2.691182192452251E-6,860000.0,94.22813953488372,88.1531308995468,88.16257324166351,86.29730848861284,860000.0,2602232.0,989.0,630.0,630.0,8.0,0.0,0.0,1.0
870000.0,7.669962,2.7540181590658087E-6,870000.0,94.25620689655172,88.2113924126226,88.2201933480902,86.36657545159643,870000.0,2610688.0,1000.0,637.0,637.0,8.0,0.0,0.0,1.0
880000.0,7.766113,2.820039612292829E-6,880000.0,94.28522727272727,88.27160446891934,88.27971147907756,86.43783490781016,880000.0,2654200.0,1011.0,644.0,644.0,8.0,0.0,0.0,1.0
890000.0,7.862446,2.8867265302956926E-6,890000.0,94.31202247191011,88.32650722274529,88.3350423411487,86.50089330951177,890000.0,2675888.0,1030.0,658.0,658.0,8.0,0.0,0.0,1.0
900000.0,7.963677,2.9573974364561335E-6,900000.0,94.33722222222222,88.37765103607731,88.3848927257727,86.55801955964424,900000.0,2698544.0,1043.0,666.0,666.0,8.0,0.0,0.0,1.0
910000.0,8.058265,3.0240826432800124E-6,910000.0,94.36318681318681,88.43119176141559,88.44077177200187,86.62063856813838,910000.0,2725184.0,1067.0,684.0,684.0,8.0,0.0,0.0,1.0
920000.0,8.160121,3.0973210772768486E-6,920000.0,94.38706521739131,88.48084366666318,88.48785338003083,86.67954713710479,920000.0,2779424.0,1086.0,698.0,698.0,8.0,0.0,0.0,1.0
930000.0,8.257123,3.1684091409192312E-6,930000.0,94.40956989247312,88.5272195342692,88.53346272178909,86.73303001150855,930000.0,2832816.0,1090.0,700.0,700.0,8.0,0.0,0.0,1.0
940000.0,8.357274,3.2425886535396175E-6,940000.0,94.43159574468085,88.57286344978706,88.5798253690508,86.7869421879812,940000.0,2863064.0,1098.0,704.0,704.0,8.0,0.0,0.0,1.0
950000.0,8.458625,3.318197520987855E-6,950000.0,94.45536842105263,88.62176819179814,88.63012841129606,86.84327526863459,950000.0,2883680.0,1103.0,708.0,708.0,8.0,0.0,0.0,1.0
960000.0,8.558224,3.393006460203065E-6,960000.0,94.47864583333333,88.66973788599297,88.6806756785615,86.89875920707894,960000.0,2903360.0,1103.0,708.0,708.0,8.0,0.0,0.0,1.0
970000.0,8.656329,3.467317394932939E-6,970000.0,94.50164948453609,88.71715575507221,88.72741107095302,86.95384163792473,970000.0,2927952.0,1129.0,727.0,727.0,8.0,0.0,0.0,1.0
980000.0,8.755276,3.5431911107711493E-6,980000.0,94.52571428571429,88.76702486906973,88.77933899162969,87.01233934282166,980000.0,2964088.0,1142.0,735.0,735.0,8.0,0.0,0.0,1.0
990000.0,8.862394,3.626837063897401E-6,990000.0,94.5490909090909,88.81480437085315,88.82647324950358,87.06662256798147,990000.0,3018456.0,1161.0,749.0,749.0,8.0,0.0,0.0,1.0
1000000.0,9.071026,3.7932581755705175E-6,1000000.0,94.5706,88.85944025765694,88.86934487933283,87.11916680505803,1000000.0,3083400.0,1179.0,761.0,761.0,8.0,3983.674113009198,0.0,1.0170947388421072
