learning evaluation instances,evaluation time (cpu seconds),model cost (RAM-Hours),classified instances,classifications correct (percent),Kappa Statistic (percent),Kappa Temporal Statistic (percent),Kappa M Statistic (percent),model training instances,model serialized size (bytes),tree size (nodes),tree size (leaves),active learning leaves,tree depth,active leaf byte size estimate,inactive leaf byte size estimate,byte size estimate overhead
10000.0,0.409848,1.5165392706791558E-8,10000.0,80.33,58.62478634024772,59.426567656765684,52.08282582216809,10000.0,143032.0,48.0,38.0,38.0,3.0,0.0,0.0,1.0
20000.0,0.533674,2.1357668832772306E-8,20000.0,83.26,65.05771462570826,65.64744510568438,59.599372511162066,20000.0,193304.0,59.0,45.0,45.0,3.0,0.0,0.0,1.0
30000.0,0.641714,2.754043802205059E-8,30000.0,85.06,69.02960136236955,69.48529411764707,64.21842567459684,30000.0,221208.0,73.0,52.0,52.0,4.0,0.0,0.0,1.0
40000.0,0.735381,3.4006236303183766E-8,40000.0,86.19,71.47324360021082,71.81776439977551,67.12491816937451,40000.0,266832.0,89.0,63.0,63.0,4.0,0.0,0.0,1.0
50000.0,0.806672,3.914107169128126E-8,50000.0,86.836,72.83694560220418,73.079754601227,68.70334268460844,50000.0,278416.0,93.0,65.0,65.0,4.0,0.0,0.0,1.0
60000.0,0.897024,4.64947590438856E-8,60000.0,87.375,73.99659978737836,74.19343849010322,70.07821140780534,60000.0,314608.0,111.0,74.0,74.0,5.0,0.0,0.0,1.0
70000.0,0.988617,5.44703652544154E-8,70000.0,87.76285714285714,74.8106123695818,74.9905112259496,71.00595721635527,70000.0,336592.0,118.0,79.0,79.0,5.0,0.0,0.0,1.0
80000.0,1.067056,6.139066346610585E-8,80000.0,88.06125,75.44376356844708,75.50900046156214,71.73173113919556,80000.0,341032.0,122.0,81.0,81.0,5.0,0.0,0.0,1.0
90000.0,1.15907,7.071900931704375E-8,90000.0,88.38222222222221,76.10137104786607,76.20012291443788,72.47262005054759,90000.0,391880.0,148.0,94.0,94.0,5.0,0.0,0.0,1.0
100000.0,1.230169,7.830634477651782E-8,100000.0,88.70400000000001,76.7716554500303,76.86478515544998,73.26770162817117,100000.0,412504.0,154.0,97.0,97.0,5.0,0.0,0.0,1.0
110000.0,1.311183,8.759593701197041E-8,110000.0,88.94363636363637,77.26044196350854,77.3380289563419,73.80572905449064,110000.0,443240.0,168.0,104.0,104.0,5.0,0.0,0.0,1.0
120000.0,1.396915,9.855232829021083E-8,120000.0,89.1575,77.69807305746167,77.78593501903673,74.29773616214294,120000.0,494000.0,190.0,118.0,118.0,5.0,0.0,0.0,1.0
130000.0,1.486942,1.108304696323143E-7,130000.0,89.38615384615385,78.16698975705569,78.26059555695605,74.82805801331753,130000.0,527184.0,202.0,124.0,124.0,5.0,0.0,0.0,1.0
140000.0,1.597875,1.2684580985663665E-7,140000.0,89.59928571428571,78.60683815233955,78.69859707125825,75.31950235601207,140000.0,558056.0,220.0,133.0,133.0,5.0,0.0,0.0,1.0
150000.0,1.665895,1.3691274093050096E-7,150000.0,89.80333333333334,79.03288741028749,79.1234439834025,75.81282813587198,150000.0,572088.0,222.0,134.0,134.0,5.0,0.0,0.0,1.0
160000.0,1.72713,1.4631944636917778E-7,160000.0,90.01125,79.45721584690413,79.55690859321037,76.27762687209629,160000.0,593800.0,234.0,140.0,140.0,5.0,0.0,0.0,1.0
170000.0,1.78743,1.5623783062315652E-7,170000.0,90.18294117647059,79.81050259407057,79.90221462204507,76.68222209802715,170000.0,635808.0,252.0,152.0,152.0,6.0,0.0,0.0,1.0
180000.0,1.85222,1.679126232945257E-7,180000.0,90.31222222222223,80.07852564815681,80.17868509593526,76.98986593476197,180000.0,696536.0,271.0,166.0,166.0,6.0,0.0,0.0,1.0
190000.0,1.911107,1.7895101494052346E-7,190000.0,90.44842105263157,80.3638072642182,80.45218065683602,77.31953609278143,190000.0,724584.0,280.0,172.0,172.0,6.0,0.0,0.0,1.0
200000.0,1.969054,1.9033057019942339E-7,200000.0,90.57600000000001,80.62925277109063,80.71697495498445,77.62158054711247,200000.0,759096.0,290.0,180.0,180.0,6.0,0.0,0.0,1.0
210000.0,2.040104,2.0462633239726227E-7,210000.0,90.71761904761905,80.91837881743179,81.01429795854762,77.94036100265942,210000.0,777760.0,299.0,186.0,186.0,6.0,0.0,0.0,1.0
220000.0,2.135352,2.2423325354026425E-7,220000.0,90.8640909090909,81.21829181975365,81.30377756899809,78.28355951249029,220000.0,795712.0,305.0,189.0,189.0,6.0,0.0,0.0,1.0
230000.0,2.191337,2.358317595927252E-7,230000.0,90.99260869565218,81.48358789177527,81.55488483488698,78.58486665288403,230000.0,800816.0,307.0,190.0,190.0,6.0,0.0,0.0,1.0
240000.0,2.276349,2.5472609811772904E-7,240000.0,91.12,81.75062264506236,81.81678568686172,78.89963664445611,240000.0,859120.0,342.0,215.0,215.0,6.0,0.0,0.0,1.0
250000.0,2.367956,2.762637538897495E-7,250000.0,91.2252,81.96768836549411,82.03107721795826,79.14813124976236,250000.0,908808.0,346.0,217.0,217.0,6.0,0.0,0.0,1.0
260000.0,2.46003,2.9874355813488367E-7,260000.0,91.2973076923077,82.11758386993112,82.18192126877132,79.32398844987026,260000.0,943752.0,362.0,225.0,225.0,6.0,0.0,0.0,1.0
270000.0,2.541584,3.1893019928493436E-7,270000.0,91.40222222222222,82.33594843746623,82.39242724190501,79.58419080787293,270000.0,956800.0,368.0,228.0,228.0,6.0,0.0,0.0,1.0
280000.0,2.625075,3.398388980639478E-7,280000.0,91.50785714285715,82.55328296207591,82.6096496039669,79.82932374198364,280000.0,968032.0,376.0,232.0,232.0,6.0,0.0,0.0,1.0
290000.0,2.687816,3.56186384457267E-7,290000.0,91.59896551724138,82.73908817498061,82.80699773469863,80.03834525477473,290000.0,1007168.0,392.0,243.0,243.0,6.0,0.0,0.0,1.0
300000.0,2.747981,3.7219539259663886E-7,300000.0,91.68833333333333,82.92325025998628,82.98254234743322,80.25153845544618,300000.0,1028544.0,399.0,248.0,248.0,6.0,0.0,0.0,1.0
310000.0,2.808801,3.8858851744689875E-7,310000.0,91.77032258064516,83.09195282988094,83.138693367701,80.44383120616304,310000.0,1041880.0,410.0,255.0,255.0,7.0,0.0,0.0,1.0
320000.0,2.878735,4.0855308512639665E-7,320000.0,91.85,83.25732829906082,83.2878362618068,80.63529306939515,320000.0,1103504.0,427.0,265.0,265.0,7.0,0.0,0.0,1.0
330000.0,2.939086,4.258999572114812E-7,330000.0,91.93575757575758,83.43497241623162,83.4625901068854,80.84296152323363,330000.0,1111064.0,427.0,265.0,265.0,7.0,0.0,0.0,1.0
340000.0,2.995203,4.421457455410725E-7,340000.0,92.01323529411765,83.595883869707,83.62311760839017,81.03091775290945,340000.0,1119048.0,429.0,266.0,266.0,7.0,0.0,0.0,1.0
350000.0,3.062982,4.6205452961019343E-7,350000.0,92.07285714285715,83.7177460095213,83.74595772601585,81.16723118589766,350000.0,1135408.0,436.0,271.0,271.0,7.0,0.0,0.0,1.0
360000.0,3.127698,4.811954096684025E-7,360000.0,92.14138888888888,83.8611718110484,83.89078692631819,81.33814430269528,360000.0,1143280.0,438.0,272.0,272.0,7.0,0.0,0.0,1.0
370000.0,3.192238,5.004119298420847E-7,370000.0,92.21135135135135,84.00592578720077,84.03399521319032,81.50688887320239,370000.0,1150928.0,442.0,274.0,274.0,7.0,0.0,0.0,1.0
380000.0,3.260236,5.210770057079693E-7,380000.0,92.27552631578946,84.14040184458979,84.16894085667748,81.66835288092828,380000.0,1174744.0,458.0,285.0,285.0,7.0,0.0,0.0,1.0
390000.0,3.326833,5.420275080949069E-7,390000.0,92.33384615384615,84.26139524887645,84.29372179641412,81.81077069087192,390000.0,1216024.0,479.0,300.0,300.0,7.0,0.0,0.0,1.0
400000.0,3.401499,5.667679389980105E-7,400000.0,92.3905,84.37783895834495,84.41251177844237,81.94394186563844,400000.0,1280816.0,494.0,309.0,309.0,7.0,0.0,0.0,1.0
410000.0,3.48187,5.944426368301114E-7,410000.0,92.44853658536586,84.49684185077055,84.5311016737447,82.07756874095516,410000.0,1331024.0,515.0,324.0,324.0,7.0,0.0,0.0,1.0
420000.0,3.558809,6.216127901834747E-7,420000.0,92.49833333333333,84.60086618937572,84.63515378500823,82.20124507112271,420000.0,1365048.0,523.0,328.0,328.0,7.0,0.0,0.0,1.0
430000.0,3.626698,6.459019048077365E-7,430000.0,92.54813953488372,84.70212917274567,84.72520819727616,82.31310165150578,430000.0,1382976.0,531.0,332.0,332.0,7.0,0.0,0.0,1.0
440000.0,3.695171,6.706077110870845E-7,440000.0,92.61477272727274,84.83883864836599,84.86055591274612,82.46943818042534,440000.0,1394704.0,537.0,335.0,335.0,7.0,0.0,0.0,1.0
450000.0,3.770663,6.982677374138601E-7,450000.0,92.66688888888889,84.9464283008775,84.96313578244188,82.59289346527969,450000.0,1416296.0,552.0,344.0,344.0,7.0,0.0,0.0,1.0
460000.0,3.841252,7.249079421617919E-7,460000.0,92.71630434782608,85.04834045713844,85.05748664294059,82.71129068045428,460000.0,1458824.0,565.0,352.0,352.0,7.0,0.0,0.0,1.0
470000.0,3.922699,7.567744736828739E-7,470000.0,92.76042553191489,85.1403238265639,85.14641429045382,82.820791154419,470000.0,1512384.0,595.0,370.0,370.0,7.0,0.0,0.0,1.0
480000.0,3.992335,7.845652410346602E-7,480000.0,92.815625,85.2531891406232,85.25267384824602,82.94856136985082,480000.0,1542656.0,603.0,374.0,374.0,7.0,0.0,0.0,1.0
490000.0,4.061404,8.124916647581592E-7,490000.0,92.86591836734694,85.35702390375903,85.35746598753433,83.07011298860427,490000.0,1562912.0,611.0,378.0,378.0,7.0,0.0,0.0,1.0
500000.0,4.132096,8.413419013677373E-7,500000.0,92.91120000000001,85.4516443587244,85.4533216776042,83.18603801689747,500000.0,1577544.0,623.0,384.0,384.0,7.0,0.0,0.0,1.0
510000.0,4.203894,8.715673156951866E-7,510000.0,92.9643137254902,85.56015474251649,85.56131872376899,83.30999902321493,510000.0,1627280.0,637.0,394.0,394.0,7.0,0.0,0.0,1.0
520000.0,4.268983,8.990276570369801E-7,520000.0,93.00923076923077,85.65307943394616,85.65220651792093,83.41953787070231,520000.0,1630800.0,639.0,395.0,395.0,7.0,0.0,0.0,1.0
530000.0,4.339367,9.29090293472012E-7,530000.0,93.05245283018868,85.74216460755952,85.73724963105563,83.52210433047082,530000.0,1651032.0,645.0,398.0,398.0,7.0,0.0,0.0,1.0
540000.0,4.435629,9.706092531772125E-7,540000.0,93.09759259259259,85.83377280470339,85.83174315971932,83.62504503079667,540000.0,1667224.0,653.0,402.0,402.0,7.0,0.0,0.0,1.0
550000.0,4.519306,1.0072382161269586E-6,550000.0,93.144,85.93002620189647,85.92501903638563,83.73905206280484,550000.0,1692080.0,666.0,410.0,410.0,7.0,0.0,0.0,1.0
560000.0,4.597942,1.042117021282514E-6,560000.0,93.18803571428572,86.02090298623662,86.01890436764926,83.84491593613687,560000.0,1714520.0,680.0,420.0,420.0,7.0,0.0,0.0,1.0
570000.0,4.683445,1.081138980910182E-6,570000.0,93.23456140350878,86.11588539600264,86.11218150715766,83.9526773973401,570000.0,1764128.0,717.0,446.0,446.0,7.0,0.0,0.0,1.0
580000.0,4.770229,1.1225109383712212E-6,580000.0,93.26724137931033,86.182606353021,86.17855676525136,84.02771528840096,580000.0,1842760.0,736.0,460.0,460.0,7.0,0.0,0.0,1.0
590000.0,4.851477,1.1622619117548068E-6,590000.0,93.31050847457627,86.27068493016021,86.26784453034483,84.12727777263898,590000.0,1891200.0,751.0,472.0,472.0,7.0,0.0,0.0,1.0
600000.0,4.93147,1.2022140581243568E-6,600000.0,93.3485,86.34918091617808,86.34847660779707,84.21876791794028,600000.0,1930592.0,753.0,473.0,473.0,7.0,0.0,0.0,1.0
610000.0,5.016862,1.245334750794702E-6,610000.0,93.3844262295082,86.42249124731114,86.42370292619582,84.30200217060657,610000.0,1951960.0,764.0,480.0,480.0,7.0,0.0,0.0,1.0
620000.0,5.0953,1.2855542404659918E-6,620000.0,93.42322580645161,86.50330472590724,86.5055647667365,84.39811289711618,620000.0,1982040.0,771.0,485.0,485.0,7.0,0.0,0.0,1.0
630000.0,5.174969,1.326833793516788E-6,630000.0,93.46142857142857,86.58148941958783,86.58492501587612,84.48708292535964,630000.0,2002848.0,773.0,486.0,486.0,7.0,0.0,0.0,1.0
640000.0,5.252131,1.3670272473990915E-6,640000.0,93.49859375,86.6578052585265,86.65950625200385,84.57440498257583,640000.0,2013512.0,777.0,488.0,488.0,7.0,0.0,0.0,1.0
650000.0,5.336565,1.4112996147986913E-6,650000.0,93.5363076923077,86.73516297349695,86.73519967922509,84.66390465587416,650000.0,2026832.0,784.0,493.0,493.0,7.0,0.0,0.0,1.0
660000.0,5.412166,1.451197688716153E-6,660000.0,93.57196969696969,86.80819636221968,86.81134550699767,84.74880920283992,660000.0,2039984.0,791.0,498.0,498.0,7.0,0.0,0.0,1.0
670000.0,5.49273,1.4942183377800713E-6,670000.0,93.60611940298507,86.87800632979248,86.87679399087726,84.82850211605547,670000.0,2064136.0,798.0,503.0,503.0,7.0,0.0,0.0,1.0
680000.0,5.613781,1.559849617650939E-6,680000.0,93.63955882352941,86.94745421325928,86.94801961523953,84.91209097885998,680000.0,2095776.0,808.0,511.0,511.0,7.0,0.0,0.0,1.0
690000.0,5.712362,1.613795959084398E-6,690000.0,93.6795652173913,87.02863410526727,87.03053301175582,85.00381687264024,690000.0,2115296.0,812.0,513.0,513.0,7.0,0.0,0.0,1.0
700000.0,5.799526,1.6616010248454077E-6,700000.0,93.706,87.0828938707289,87.08661971211762,85.0664009273759,700000.0,2120016.0,816.0,515.0,515.0,7.0,0.0,0.0,1.0
710000.0,5.890321,1.7118033965842589E-6,710000.0,93.73774647887323,87.14723121791879,87.1520874751491,85.13856345908944,710000.0,2137296.0,827.0,522.0,522.0,7.0,0.0,0.0,1.0
720000.0,5.986416,1.7658715711596109E-6,720000.0,93.7688888888889,87.21151106939291,87.21641259438667,85.21384619947993,720000.0,2174920.0,838.0,529.0,529.0,7.0,0.0,0.0,1.0
730000.0,6.128081,1.8458501811449724E-6,730000.0,93.79904109589042,87.27441180637516,87.27940515264602,85.2892143003383,730000.0,2182296.0,842.0,531.0,531.0,7.0,0.0,0.0,1.0
740000.0,6.281372,1.9328974486204485E-6,740000.0,93.83081081081082,87.34013706597399,87.34300749128052,85.36710451243984,740000.0,2195032.0,844.0,532.0,532.0,7.0,0.0,0.0,1.0
750000.0,6.426606,2.01654234941014E-6,750000.0,93.86453333333333,87.40950736908287,87.41098420080705,85.44612669485763,750000.0,2226248.0,869.0,549.0,549.0,8.0,0.0,0.0,1.0
760000.0,6.571234,2.1011271200018624E-6,760000.0,93.8888157894737,87.46009200961811,87.46122550356226,85.50645492474716,760000.0,2260696.0,875.0,552.0,552.0,8.0,0.0,0.0,1.0
770000.0,6.746389,2.2042973044825095E-6,770000.0,93.91571428571429,87.51549404540947,87.5166536989864,85.57067134000044,770000.0,2276848.0,879.0,554.0,554.0,8.0,0.0,0.0,1.0
780000.0,6.890036,2.2903572843968868E-6,780000.0,93.94371794871795,87.57388545205458,87.57532160451127,85.64094302458479,780000.0,2315832.0,897.0,566.0,566.0,8.0,0.0,0.0,1.0
790000.0,7.021447,2.3704586696210834E-6,790000.0,93.97075949367088,87.62825424745341,87.62943628501306,85.69927371970203,790000.0,2356192.0,904.0,571.0,571.0,8.0,0.0,0.0,1.0
800000.0,7.113853,2.4271741774388487E-6,800000.0,93.997625,87.68279570038315,87.68326715708905,85.76079897755542,800000.0,2372488.0,918.0,581.0,581.0,8.0,0.0,0.0,1.0
810000.0,7.202236,2.4820287135326202E-6,810000.0,94.02543209876542,87.74052970305208,87.7423342097131,85.82969515426755,810000.0,2399088.0,924.0,584.0,584.0,8.0,0.0,0.0,1.0
820000.0,7.289754,2.536820040100979E-6,820000.0,94.05268292682926,87.79660748534042,87.79878808500418,85.89480686633212,820000.0,2420008.0,942.0,596.0,596.0,8.0,0.0,0.0,1.0
830000.0,7.383504,2.5967613191819857E-6,830000.0,94.07831325301204,87.84916467862048,87.84907638147224,85.9555377757458,830000.0,2471480.0,961.0,610.0,610.0,8.0,0.0,0.0,1.0
840000.0,7.472325,2.6541869743458104E-6,840000.0,94.10511904761904,87.90381126533812,87.90471700648035,86.01791351589458,840000.0,2499152.0,970.0,616.0,616.0,8.0,0.0,0.0,1.0
850000.0,7.55809,2.710013658402281E-6,850000.0,94.134,87.9629209956096,87.96325801467746,86.08451270258125,850000.0,2516136.0,982.0,625.0,625.0,8.0,0.0,0.0,1.0
860000.0,7.649854,2.7708351725319197E-6,860000.0,94.15790697674419,88.01282167546643,88.01496161791577,86.1449537540055,860000.0,2562048.0,987.0,629.0,629.0,8.0,0.0,0.0,1.0
870000.0,7.736677,2.828686347322332E-6,870000.0,94.18735632183908,88.07409558568915,88.07457575957665,86.2179670615681,870000.0,2575608.0,996.0,635.0,635.0,8.0,0.0,0.0,1.0
880000.0,7.821392,2.8856745212111212E-6,880000.0,94.21568181818182,88.13195322409875,88.13282322797839,86.2832597670671,880000.0,2600320.0,996.0,635.0,635.0,8.0,0.0,0.0,1.0
890000.0,7.917265,2.950941179885219E-6,890000.0,94.24022471910114,88.18220695656268,88.18180770250488,86.34080571713302,890000.0,2631464.0,1015.0,646.0,646.0,8.0,0.0,0.0,1.0
900000.0,8.009431,3.0143844885068636E-6,900000.0,94.26355555555556,88.22964434597948,88.22917854130094,86.39413473042846,900000.0,2660832.0,1026.0,653.0,653.0,8.0,0.0,0.0,1.0
910000.0,8.110555,3.08488002937908E-6,910000.0,94.28945054945055,88.28324643851488,88.28121828784823,86.45738320971952,910000.0,2694696.0,1039.0,661.0,661.0,8.0,0.0,0.0,1.0
920000.0,8.214883,3.1583093635427458E-6,920000.0,94.31293478260869,88.33206364911702,88.32943727192426,86.51513667596224,920000.0,2720640.0,1049.0,666.0,666.0,8.0,0.0,0.0,1.0
930000.0,8.320911,3.2334504473726784E-6,930000.0,94.337311827957,88.38133937073121,88.37882091251733,86.56953554560386,930000.0,2739424.0,1051.0,667.0,667.0,8.0,0.0,0.0,1.0
940000.0,8.428036,3.3099680161703795E-6,940000.0,94.36234042553191,88.4333175144277,88.42905552935422,86.63134925139691,940000.0,2761040.0,1063.0,673.0,673.0,8.0,0.0,0.0,1.0
950000.0,8.538628,3.389112608455536E-6,950000.0,94.38968421052631,88.48946320643837,88.48459838259791,86.69651949919127,950000.0,2766304.0,1070.0,678.0,678.0,8.0,0.0,0.0,1.0
960000.0,8.645344,3.4660688613831174E-6,960000.0,94.4140625,88.53971349122054,88.5377479480164,86.75536762653718,960000.0,2787512.0,1079.0,684.0,684.0,8.0,0.0,0.0,1.0
970000.0,8.755539,3.546606497402407E-6,970000.0,94.43896907216495,88.59087151547774,88.58918572453022,86.81450302003661,970000.0,2825136.0,1094.0,696.0,696.0,8.0,0.0,0.0,1.0
980000.0,8.863303,3.626665876112465E-6,980000.0,94.46469387755101,88.64351248609997,88.64172197910342,86.8742423399205,980000.0,2871712.0,1108.0,706.0,706.0,8.0,0.0,0.0,1.0
990000.0,8.978189,3.7139541030530306E-6,990000.0,94.48646464646465,88.68823951037447,88.68694907842077,86.92576881528554,990000.0,2936912.0,1130.0,723.0,723.0,8.0,0.0,0.0,1.0
1000000.0,9.183765,3.871738540772349E-6,1000000.0,94.5101,88.73724283884069,88.737580853949,86.98421956053751,1000000.0,2966840.0,1132.0,724.0,724.0,8.0,4027.8342541436464,0.0,1.0173818100016734
