learning evaluation instances,evaluation time (cpu seconds),model cost (RAM-Hours),classified instances,classifications correct (percent),Kappa Statistic (percent),Kappa Temporal Statistic (percent),Kappa M Statistic (percent),model training instances,model serialized size (bytes),tree size (nodes),tree size (leaves),active learning leaves,tree depth,active leaf byte size estimate,inactive leaf byte size estimate,byte size estimate overhead
10000.0,0.453362,1.899642880592081E-8,10000.0,81.93,63.0713880138922,63.03947637553693,58.48839880542156,10000.0,161968.0,48.0,38.0,38.0,3.0,0.0,0.0,1.0
20000.0,0.614004,2.739617224782705E-8,20000.0,84.935,69.15572809147645,69.64843356502469,65.1192405649456,20000.0,202120.0,63.0,47.0,47.0,3.0,0.0,0.0,1.0
30000.0,0.745959,3.520176847775777E-8,30000.0,86.35666666666667,72.03052001228936,72.38191632928476,68.11560333411234,30000.0,228656.0,81.0,59.0,59.0,4.0,0.0,0.0,1.0
40000.0,0.902036,4.709722390191422E-8,40000.0,87.03999999999999,73.40176188442975,73.70796774357153,69.47356024025437,40000.0,294608.0,103.0,70.0,70.0,4.0,0.0,0.0,1.0
50000.0,0.982076,5.3485895349747596E-8,50000.0,87.618,74.5690927263113,74.85684116476465,70.69349112426035,50000.0,308536.0,109.0,73.0,73.0,4.0,0.0,0.0,1.0
60000.0,1.058323,5.973813778203394E-8,60000.0,88.09166666666667,75.54643618826266,75.8018085142412,71.81125971515368,60000.0,316968.0,115.0,76.0,76.0,5.0,0.0,0.0,1.0
70000.0,1.144966,6.776579445641901E-8,70000.0,88.42428571428572,76.23279847060854,76.43380642159143,72.59537337662337,70000.0,358144.0,127.0,85.0,85.0,5.0,0.0,0.0,1.0
80000.0,1.215065,7.446749485822187E-8,80000.0,88.7275,76.8594736218332,77.03122612194998,73.3242619653316,80000.0,369552.0,131.0,87.0,87.0,5.0,0.0,0.0,1.0
90000.0,1.321226,8.592192966284023E-8,90000.0,89.03111111111112,77.50088907041874,77.60689576953614,74.10758779867287,90000.0,417072.0,153.0,98.0,98.0,5.0,0.0,0.0,1.0
100000.0,1.429861,9.954290354831352E-8,100000.0,89.25,77.96351381058363,78.07285929914738,74.69576065720405,100000.0,484664.0,179.0,114.0,114.0,5.0,0.0,0.0,1.0
110000.0,1.508284,1.0983399468991492E-7,110000.0,89.51181818181819,78.5065161010659,78.57527530687663,75.34302201325069,110000.0,507248.0,189.0,119.0,119.0,5.0,0.0,0.0,1.0
120000.0,1.584571,1.2029160008662278E-7,120000.0,89.72833333333334,78.94785383737106,79.01385909354038,75.84416093440727,120000.0,529888.0,201.0,125.0,125.0,5.0,0.0,0.0,1.0
130000.0,1.644142,1.2863403853856858E-7,130000.0,89.94153846153846,79.37766335428138,79.42957824028191,76.32103147296367,130000.0,541328.0,207.0,128.0,128.0,5.0,0.0,0.0,1.0
140000.0,1.711718,1.3831722599350747E-7,140000.0,90.11642857142857,79.73768319607377,79.78435870089267,76.74571030032101,140000.0,553896.0,211.0,130.0,130.0,5.0,0.0,0.0,1.0
150000.0,1.799633,1.5147253057195083E-7,150000.0,90.31,80.13610912047537,80.19323013190886,77.20250325454461,150000.0,578416.0,220.0,136.0,136.0,6.0,0.0,0.0,1.0
160000.0,1.88155,1.6499183119792078E-7,160000.0,90.48125,80.47958924318576,80.54718234302356,77.56499963173013,160000.0,637944.0,244.0,151.0,151.0,6.0,0.0,0.0,1.0
170000.0,1.95973,1.786407817548348E-7,170000.0,90.64,80.80468717827924,80.87867717746586,77.92728432909321,170000.0,674848.0,259.0,163.0,163.0,6.0,0.0,0.0,1.0
180000.0,2.024088,1.9060947961898314E-7,180000.0,90.75833333333333,81.05155564375349,81.13988344935488,78.21617516107065,180000.0,718864.0,272.0,171.0,171.0,6.0,0.0,0.0,1.0
190000.0,2.09258,2.038638058035738E-7,190000.0,90.87736842105262,81.29660893521145,81.37978450266954,78.50010543420285,190000.0,748032.0,286.0,178.0,178.0,6.0,0.0,0.0,1.0
200000.0,2.162617,2.1816345712376965E-7,200000.0,91.001,81.54929969875958,81.6281324962997,78.79069986683793,200000.0,789224.0,304.0,190.0,190.0,6.0,0.0,0.0,1.0
210000.0,2.233144,2.3314919489953253E-7,210000.0,91.10571428571428,81.7643964862971,81.84522073832157,79.04268210583008,210000.0,821344.0,316.0,196.0,196.0,6.0,0.0,0.0,1.0
220000.0,2.295176,2.464753522641129E-7,220000.0,91.22454545454546,82.00759671959626,82.09804994297266,79.31714215313414,220000.0,830408.0,323.0,201.0,201.0,6.0,0.0,0.0,1.0
230000.0,2.381207,2.6538446684471437E-7,230000.0,91.34826086956521,82.25922890222199,82.34542599345238,79.60060278634913,230000.0,849608.0,332.0,207.0,207.0,6.0,0.0,0.0,1.0
240000.0,2.456231,2.8309209008804626E-7,240000.0,91.46,82.48923150532342,82.56238354929002,79.86027179199951,240000.0,912352.0,348.0,218.0,218.0,6.0,0.0,0.0,1.0
250000.0,2.527768,3.004021956957877E-7,250000.0,91.546,82.6657622383861,82.73495895110894,80.05925143175236,250000.0,935344.0,360.0,224.0,224.0,6.0,0.0,0.0,1.0
260000.0,2.590055,3.1562860283586713E-7,260000.0,91.62769230769231,82.83134762727016,82.88746511536496,80.2437762631259,260000.0,944936.0,364.0,226.0,226.0,6.0,0.0,0.0,1.0
270000.0,2.662301,3.3402174652450615E-7,270000.0,91.7274074074074,83.03488468799121,83.08980512696273,80.47279339767799,270000.0,984112.0,381.0,239.0,239.0,6.0,0.0,0.0,1.0
280000.0,2.733974,3.5274338472220635E-7,280000.0,91.82357142857143,83.2326382267483,83.29234384464375,80.69710970962193,280000.0,1009696.0,391.0,247.0,247.0,6.0,0.0,0.0,1.0
290000.0,2.804773,3.7186561584472657E-7,290000.0,91.90068965517241,83.3922763054096,83.45461077338143,80.88526111052336,290000.0,1044032.0,400.0,253.0,253.0,6.0,0.0,0.0,1.0
300000.0,2.870077,3.900417385995388E-7,300000.0,91.97566666666667,83.54329854883544,83.60473748373958,81.04861247785868,300000.0,1075880.0,413.0,261.0,261.0,6.0,0.0,0.0,1.0
310000.0,2.950778,4.132273510677947E-7,310000.0,92.05967741935484,83.7157962110858,83.77239824374035,81.24485690774435,310000.0,1110560.0,428.0,270.0,270.0,6.0,0.0,0.0,1.0
320000.0,3.022688,4.3436575928909913E-7,320000.0,92.13781250000001,83.87349541524807,83.93227786257593,81.41683778234086,320000.0,1136280.0,432.0,272.0,272.0,6.0,0.0,0.0,1.0
330000.0,3.087464,4.5377695589843726E-7,330000.0,92.20424242424242,84.00984990985349,84.07581412910933,81.57308521534836,330000.0,1158352.0,443.0,279.0,279.0,6.0,0.0,0.0,1.0
340000.0,3.168102,4.786921285051439E-7,340000.0,92.26558823529412,84.13579388141498,84.19765401533543,81.71660988667176,340000.0,1194336.0,462.0,293.0,293.0,6.0,0.0,0.0,1.0
350000.0,3.238382,5.008739781007171E-7,350000.0,92.31942857142857,84.24711763220009,84.3008316202579,81.84507327615319,350000.0,1220024.0,464.0,294.0,294.0,6.0,0.0,0.0,1.0
360000.0,3.300454,5.206410778520836E-7,360000.0,92.38611111111112,84.38477938875567,84.4451380415969,82.00747008356254,360000.0,1230976.0,466.0,295.0,295.0,6.0,0.0,0.0,1.0
370000.0,3.364846,5.412779922741982E-7,370000.0,92.44216216216216,84.498118247872,84.55249522168089,82.13117268172991,370000.0,1238840.0,470.0,297.0,297.0,6.0,0.0,0.0,1.0
380000.0,3.431007,5.626478071200351E-7,380000.0,92.49868421052632,84.61555655005778,84.664837529589,82.269150623581,380000.0,1248536.0,472.0,298.0,298.0,6.0,0.0,0.0,1.0
390000.0,3.48654,5.806008985886971E-7,390000.0,92.56615384615384,84.75361343977782,84.81163854298181,82.42759991756876,390000.0,1249656.0,472.0,298.0,298.0,6.0,0.0,0.0,1.0
400000.0,3.54768,6.004797826210658E-7,400000.0,92.6235,84.87128470478699,84.93431163804769,82.56393892119321,400000.0,1256808.0,480.0,302.0,302.0,7.0,0.0,0.0,1.0
410000.0,3.615448,6.229605217278004E-7,410000.0,92.6829268292683,84.9925933543344,85.05328503883656,82.70065795164258,410000.0,1282296.0,488.0,306.0,306.0,7.0,0.0,0.0,1.0
420000.0,3.700618,6.525455727055669E-7,420000.0,92.72952380952381,85.08853933003647,85.14518663378136,82.81066171296686,420000.0,1342728.0,523.0,331.0,331.0,7.0,0.0,0.0,1.0
430000.0,3.78305,6.823595913789339E-7,430000.0,92.78976744186046,85.2104556522647,85.26579920350532,82.9460008030847,430000.0,1398064.0,535.0,340.0,340.0,7.0,0.0,0.0,1.0
440000.0,3.875882,7.170152140201795E-7,440000.0,92.8325,85.29875949382674,85.3533594341419,83.04790470661591,440000.0,1443040.0,550.0,349.0,349.0,7.0,0.0,0.0,1.0
450000.0,3.95562,7.473896102069154E-7,450000.0,92.87155555555555,85.37991584630782,85.43861640073537,83.14487483974021,450000.0,1472464.0,579.0,368.0,368.0,7.0,0.0,0.0,1.0
460000.0,4.030442,7.767580737173558E-7,460000.0,92.92521739130434,85.49022034055601,85.54769031272482,83.272166538165,460000.0,1517240.0,583.0,370.0,370.0,7.0,0.0,0.0,1.0
470000.0,4.103693,8.059221046045423E-7,470000.0,92.97382978723404,85.59031909992413,85.64554408964852,83.38741240448127,470000.0,1538992.0,589.0,373.0,373.0,7.0,0.0,0.0,1.0
480000.0,4.177107,8.355431841065486E-7,480000.0,93.025625,85.69637143717,85.75398311431879,83.50724209281702,480000.0,1559640.0,604.0,382.0,382.0,7.0,0.0,0.0,1.0
490000.0,4.253953,8.670848157753547E-7,490000.0,93.0722448979592,85.79137753532383,85.85070421361077,83.61284093651943,490000.0,1586592.0,610.0,385.0,385.0,7.0,0.0,0.0,1.0
500000.0,4.326047,8.970085577542583E-7,500000.0,93.1146,85.87968040688702,85.93742979335248,83.71791658193067,500000.0,1604424.0,620.0,390.0,390.0,7.0,0.0,0.0,1.0
510000.0,4.397472,9.269947582979998E-7,510000.0,93.16039215686274,85.97334330098954,86.02853412158645,83.82456595934116,510000.0,1622832.0,628.0,394.0,394.0,7.0,0.0,0.0,1.0
520000.0,4.494004,9.687957925101122E-7,520000.0,93.19903846153846,86.05310905509945,86.10336128510016,83.91768985902684,520000.0,1673856.0,642.0,404.0,404.0,7.0,0.0,0.0,1.0
530000.0,4.607228,1.0190621831516425E-6,530000.0,93.23811320754717,86.13305470525053,86.18032900673283,84.00924517104905,530000.0,1716096.0,660.0,416.0,416.0,7.0,0.0,0.0,1.0
540000.0,4.708315,1.0643792118421858E-6,540000.0,93.27722222222222,86.21255293453287,86.26057337496452,84.09890278355708,540000.0,1732880.0,667.0,421.0,421.0,7.0,0.0,0.0,1.0
550000.0,4.786759,1.099894006355769E-6,550000.0,93.31745454545455,86.29584585523976,86.34213411122053,84.19604234569707,550000.0,1750056.0,682.0,430.0,430.0,7.0,0.0,0.0,1.0
560000.0,4.864165,1.1354772878479626E-6,560000.0,93.35214285714287,86.36704205160103,86.41001398131688,84.27891538536252,560000.0,1776944.0,690.0,434.0,434.0,7.0,0.0,0.0,1.0
570000.0,4.940787,1.1712574078763524E-6,570000.0,93.39052631578947,86.44651888236677,86.48573027420257,84.37353530409678,570000.0,1805056.0,694.0,436.0,436.0,7.0,0.0,0.0,1.0
580000.0,5.023073,1.210226208443443E-6,580000.0,93.43379310344827,86.53418936349102,86.57160587853656,84.47135575942914,580000.0,1830600.0,708.0,446.0,446.0,7.0,0.0,0.0,1.0
590000.0,5.11045,1.2522434388970336E-6,590000.0,93.47525423728813,86.61906450599061,86.65645288198571,84.56783442171469,590000.0,1858800.0,726.0,458.0,458.0,7.0,0.0,0.0,1.0
600000.0,5.198708,1.2954151380724378E-6,600000.0,93.51566666666666,86.70018651043777,86.73928825841107,84.65416048720455,600000.0,1890808.0,726.0,458.0,458.0,7.0,0.0,0.0,1.0
610000.0,5.275099,1.33297904573174E-6,610000.0,93.5583606557377,86.78796326368476,86.82854719820867,84.75535002095005,610000.0,1900776.0,738.0,467.0,467.0,7.0,0.0,0.0,1.0
620000.0,5.369013,1.3799965106468235E-6,620000.0,93.59854838709677,86.8706669132575,86.91078065688494,84.85123761903853,620000.0,1935224.0,740.0,468.0,468.0,7.0,0.0,0.0,1.0
630000.0,5.444941,1.4181808364412025E-6,630000.0,93.64365079365079,86.96372214163566,87.00656080261133,84.95911598889727,630000.0,1943952.0,744.0,470.0,470.0,7.0,0.0,0.0,1.0
640000.0,5.523868,1.458309993243052E-6,640000.0,93.681875,87.0421564398902,87.08474002433829,85.04878851408564,640000.0,1965336.0,763.0,484.0,484.0,7.0,0.0,0.0,1.0
650000.0,5.6062,1.5009487305788533E-6,650000.0,93.72353846153845,87.12777018040208,87.16805113026957,85.1470657836773,650000.0,2001880.0,772.0,490.0,490.0,7.0,0.0,0.0,1.0
660000.0,5.688715,1.5442666283518906E-6,660000.0,93.75772727272728,87.19717668828278,87.23829348300825,85.22417126031554,660000.0,2029256.0,776.0,492.0,492.0,7.0,0.0,0.0,1.0
670000.0,5.768043,1.5862736227715183E-6,670000.0,93.79537313432836,87.27558220667116,87.31458284382086,85.3178639542276,670000.0,2046904.0,784.0,496.0,496.0,7.0,0.0,0.0,1.0
680000.0,5.851303,1.6306165714334284E-6,680000.0,93.82661764705882,87.33890835729987,87.37728036756502,85.38752863040496,680000.0,2058688.0,790.0,499.0,499.0,7.0,0.0,0.0,1.0
690000.0,5.932167,1.673820011675772E-6,690000.0,93.86028985507247,87.40826136973509,87.44454158825185,85.46699508065126,690000.0,2065216.0,794.0,501.0,501.0,7.0,0.0,0.0,1.0
700000.0,6.018815,1.7207185567522217E-6,700000.0,93.89157142857142,87.47316425195183,87.50653759959796,85.54335404734697,700000.0,2092200.0,803.0,507.0,507.0,7.0,0.0,0.0,1.0
710000.0,6.101746,1.7658107085256943E-6,710000.0,93.92084507042253,87.53308229375261,87.56493104272843,85.61137169011876,710000.0,2101776.0,809.0,510.0,510.0,8.0,0.0,0.0,1.0
720000.0,6.195163,1.8177035402796336E-6,720000.0,93.95402777777778,87.60163153394616,87.63696159679188,85.69104141054889,720000.0,2147256.0,823.0,520.0,520.0,8.0,0.0,0.0,1.0
730000.0,6.283622,1.8673070476452512E-6,730000.0,93.98506849315068,87.66524128159632,87.70231703594163,85.7635218820722,730000.0,2167568.0,846.0,536.0,536.0,8.0,0.0,0.0,1.0
740000.0,6.380249,1.9232685927301647E-6,740000.0,94.01783783783783,87.73180477788134,87.76779028287054,85.83786550643036,740000.0,2238688.0,864.0,548.0,548.0,8.0,0.0,0.0,1.0
750000.0,6.491356,1.9883918460520605E-6,750000.0,94.048,87.79332623788191,87.82812129342571,85.90829024376384,750000.0,2265672.0,872.0,552.0,552.0,8.0,0.0,0.0,1.0
760000.0,6.588336,2.045823109280318E-6,760000.0,94.07592105263159,87.85125566857317,87.88411288391107,85.9765023952357,760000.0,2289120.0,886.0,559.0,559.0,8.0,0.0,0.0,1.0
770000.0,6.680231,2.1011664059178698E-6,770000.0,94.10246753246754,87.9063272560143,87.93447936870633,86.04142908519736,770000.0,2327960.0,896.0,564.0,564.0,8.0,0.0,0.0,1.0
780000.0,6.774856,2.158293854234119E-6,780000.0,94.13,87.96265769846063,87.99039987409671,86.1055391515718,780000.0,2333680.0,900.0,566.0,566.0,8.0,0.0,0.0,1.0
790000.0,6.873935,2.2184018797468806E-6,790000.0,94.1579746835443,88.02041404277584,88.04668196486938,86.1733839438451,790000.0,2345056.0,911.0,573.0,573.0,8.0,0.0,0.0,1.0
800000.0,6.976714,2.2811836157345934E-6,800000.0,94.19024999999999,88.08642928867468,88.11453296134243,86.24927515650703,800000.0,2361192.0,918.0,578.0,578.0,8.0,0.0,0.0,1.0
810000.0,7.08197,2.3463068470131187E-6,810000.0,94.21728395061729,88.14146620580384,88.1686099379635,86.3117381813081,810000.0,2391616.0,936.0,590.0,590.0,8.0,0.0,0.0,1.0
820000.0,7.177787,2.4065294117190766E-6,820000.0,94.24365853658536,88.19608235378392,88.22302450854419,86.37638827957237,820000.0,2429512.0,941.0,594.0,594.0,8.0,0.0,0.0,1.0
830000.0,7.269463,2.464424213001297E-6,830000.0,94.2710843373494,88.25244308420199,88.27896795758244,86.44148023107938,830000.0,2441104.0,948.0,599.0,599.0,8.0,0.0,0.0,1.0
840000.0,7.372184,2.5297280015403193E-6,840000.0,94.29607142857142,88.30350919187096,88.32861976483312,86.50007184859388,840000.0,2457432.0,954.0,602.0,602.0,8.0,0.0,0.0,1.0
850000.0,7.472721,2.5942045052453044E-6,850000.0,94.31929411764706,88.3505977401973,88.37613503962407,86.55214573568279,850000.0,2479008.0,961.0,607.0,607.0,8.0,0.0,0.0,1.0
860000.0,7.56983,2.6569046124919416E-6,860000.0,94.3439534883721,88.40141827758478,88.42479998857758,86.61080725475028,860000.0,2495808.0,965.0,609.0,609.0,8.0,0.0,0.0,1.0
870000.0,7.667363,2.72038877175293E-6,870000.0,94.37333333333333,88.4615709226126,88.48491691601271,86.67990911688275,870000.0,2516032.0,980.0,618.0,618.0,8.0,0.0,0.0,1.0
880000.0,7.767243,2.786071992907673E-6,880000.0,94.39727272727274,88.510267194865,88.53387349214064,86.73496841402913,880000.0,2542016.0,996.0,629.0,629.0,8.0,0.0,0.0,1.0
890000.0,7.875034,2.8583204820917707E-6,890000.0,94.4223595505618,88.5613993706551,88.58202878816456,86.79318069353027,890000.0,2590888.0,1012.0,640.0,640.0,8.0,0.0,0.0,1.0
900000.0,7.976635,2.927373626174198E-6,900000.0,94.44666666666667,88.61210922441538,88.6312197895934,86.8543909437853,900000.0,2627168.0,1016.0,642.0,642.0,8.0,0.0,0.0,1.0
910000.0,8.068938,2.9905314707342116E-6,910000.0,94.46813186813186,88.6569914203144,88.67817591334777,86.90865968496524,910000.0,2644928.0,1018.0,643.0,643.0,8.0,0.0,0.0,1.0
920000.0,8.17358,3.0626244697926766E-6,920000.0,94.49173913043478,88.70556784364338,88.7253625945282,86.96504359904313,920000.0,2663112.0,1034.0,654.0,654.0,8.0,0.0,0.0,1.0
930000.0,8.270358,3.1300711000296797E-6,930000.0,94.51720430107527,88.75791622249167,88.77623793759244,87.02524720479192,930000.0,2693928.0,1058.0,672.0,672.0,8.0,0.0,0.0,1.0
940000.0,8.3706,3.201489900197419E-6,940000.0,94.5395744680851,88.80299513404474,88.82103374075461,87.0743862423603,940000.0,2754008.0,1070.0,681.0,681.0,8.0,0.0,0.0,1.0
950000.0,8.474004,3.276713478983276E-6,950000.0,94.56063157894738,88.84584334161073,88.86554576580887,87.12273942698509,950000.0,2812024.0,1091.0,696.0,696.0,8.0,0.0,0.0,1.0
960000.0,8.572696,3.3497269663173287E-6,960000.0,94.5840625,88.89393805745057,88.9134106087357,87.17836798106087,960000.0,2859720.0,1102.0,703.0,703.0,8.0,0.0,0.0,1.0
970000.0,8.669563,3.42208133995119E-6,970000.0,94.60515463917525,88.93783720905286,88.95583812589037,87.23082366433636,970000.0,2887296.0,1109.0,708.0,708.0,8.0,0.0,0.0,1.0
980000.0,8.767026,3.495570539556857E-6,980000.0,94.62602040816327,88.98054475433132,88.99747839294034,87.27981508452348,980000.0,2914648.0,1120.0,715.0,715.0,8.0,0.0,0.0,1.0
990000.0,8.864713,3.569753684755414E-6,990000.0,94.64666666666666,89.02256913830111,89.03897103076856,87.32744954102117,990000.0,2935424.0,1122.0,716.0,716.0,8.0,0.0,0.0,1.0
1000000.0,9.074541,3.729340778173257E-6,1000000.0,94.6672,89.06418395018255,89.07949353816791,87.37419295267452,1000000.0,2939928.0,1122.0,716.0,716.0,8.0,4035.564245810056,0.0,1.0174648308475205
