learning evaluation instances,evaluation time (cpu seconds),model cost (RAM-Hours),classified instances,classifications correct (percent),Kappa Statistic (percent),Kappa Temporal Statistic (percent),Kappa M Statistic (percent),model training instances,model serialized size (bytes),tree size (nodes),tree size (leaves),active learning leaves,tree depth,active leaf byte size estimate,inactive leaf byte size estimate,byte size estimate overhead
10000.0,0.439848,1.471155121922493E-8,10000.0,79.95,58.58795031214977,59.164969450101836,52.48815165876778,10000.0,129288.0,38.0,30.0,30.0,3.0,0.0,0.0,1.0
20000.0,0.587546,2.2401458095345235E-8,20000.0,83.745,66.38599993337169,66.90083486051721,61.25148986889154,20000.0,201256.0,63.0,47.0,47.0,4.0,0.0,0.0,1.0
30000.0,0.689306,2.865636951807473E-8,30000.0,85.34333333333333,69.79391992895081,70.14327425816529,65.32334384858045,30000.0,237600.0,83.0,57.0,57.0,4.0,0.0,0.0,1.0
40000.0,0.803169,3.754655862020122E-8,40000.0,86.41,72.00286151768593,72.12879409351928,67.81336964888388,40000.0,301808.0,107.0,72.0,72.0,4.0,0.0,0.0,1.0
50000.0,0.871676,4.301567597107755E-8,50000.0,87.146,73.51520145184202,73.67925301007455,69.48532902858227,50000.0,308592.0,109.0,73.0,73.0,4.0,0.0,0.0,1.0
60000.0,0.948165,4.9398415514992346E-8,60000.0,87.69666666666667,74.68243388346933,74.82350533747145,70.88887136209479,60000.0,322560.0,117.0,77.0,77.0,5.0,0.0,0.0,1.0
70000.0,1.041768,5.7528123772806597E-8,70000.0,88.12142857142857,75.56272619981166,75.68429056029944,71.89454115261113,70000.0,335728.0,121.0,79.0,79.0,5.0,0.0,0.0,1.0
80000.0,1.131215,6.61676752443115E-8,80000.0,88.48625,76.30810556874094,76.38931610786425,72.70976534723869,80000.0,373360.0,135.0,89.0,89.0,5.0,0.0,0.0,1.0
90000.0,1.227159,7.663271238820421E-8,90000.0,88.69888888888889,76.7518273110972,76.84145813884652,73.23209727083719,90000.0,421624.0,155.0,99.0,99.0,5.0,0.0,0.0,1.0
100000.0,1.314066,8.713204825090037E-8,100000.0,88.96300000000001,77.31399645179312,77.37577894391605,73.92752527638666,100000.0,466992.0,178.0,112.0,112.0,5.0,0.0,0.0,1.0
110000.0,1.386645,9.659347029195891E-8,110000.0,89.22545454545454,77.85493172350438,77.92718130179718,74.55451071321222,110000.0,503904.0,190.0,118.0,118.0,5.0,0.0,0.0,1.0
120000.0,1.457161,1.0601844190723366E-7,120000.0,89.48333333333333,78.38392203931849,78.4424591312072,75.1550349443843,120000.0,516648.0,196.0,121.0,121.0,5.0,0.0,0.0,1.0
130000.0,1.549033,1.1871819376117653E-7,130000.0,89.69538461538461,78.82072653904187,78.87466094745473,75.65249000363504,130000.0,534336.0,204.0,125.0,125.0,5.0,0.0,0.0,1.0
140000.0,1.643264,1.321615775074396E-7,140000.0,89.88000000000001,79.20745681884233,79.2847325788812,76.10510515575196,140000.0,551464.0,212.0,129.0,129.0,6.0,0.0,0.0,1.0
150000.0,1.728445,1.4486158726736905E-7,150000.0,90.05733333333333,79.57411918153274,79.66457594764113,76.52004156302151,150000.0,576320.0,221.0,135.0,135.0,6.0,0.0,0.0,1.0
160000.0,1.800883,1.5644830740367375E-7,160000.0,90.229375,79.92895237517445,80.00869576337294,76.9227362640607,160000.0,618296.0,238.0,145.0,145.0,6.0,0.0,0.0,1.0
170000.0,1.861482,1.6651582895053759E-7,170000.0,90.40941176470588,80.30312381563479,80.37176153327555,77.35461199772213,170000.0,642184.0,251.0,153.0,153.0,6.0,0.0,0.0,1.0
180000.0,1.929163,1.7800349458224246E-7,180000.0,90.56222222222222,80.61888309286057,80.67854827519534,77.71597974656977,180000.0,656096.0,253.0,154.0,154.0,6.0,0.0,0.0,1.0
190000.0,1.999641,1.9110070583721004E-7,190000.0,90.69684210526316,80.89967530682156,80.95689553010632,78.04878048780488,190000.0,718336.0,278.0,171.0,171.0,6.0,0.0,0.0,1.0
200000.0,2.06504,2.03799121050785E-7,200000.0,90.8185,81.15143220610919,81.21662813772222,78.33964400721895,200000.0,750552.0,292.0,181.0,181.0,6.0,0.0,0.0,1.0
210000.0,2.130616,2.1706323402002454E-7,210000.0,90.94190476190475,81.4044407602065,81.46021968596796,78.62624582851106,210000.0,781872.0,303.0,188.0,188.0,6.0,0.0,0.0,1.0
220000.0,2.186348,2.286885664632751E-7,220000.0,91.06909090909092,81.66239112205831,81.71649777132595,78.90895038536681,220000.0,806312.0,310.0,193.0,193.0,6.0,0.0,0.0,1.0
230000.0,2.239803,2.3992168334623177E-7,230000.0,91.1895652173913,81.90922485815854,81.96543315355724,79.18460005546936,230000.0,812296.0,310.0,193.0,193.0,6.0,0.0,0.0,1.0
240000.0,2.337967,2.62034718013472E-7,240000.0,91.30833333333334,82.1532355742975,82.20531281456333,79.4579903100012,240000.0,870760.0,337.0,211.0,211.0,6.0,0.0,0.0,1.0
250000.0,2.443581,2.869173527674542E-7,250000.0,91.40599999999999,82.35797666382358,82.39843359576612,79.69799767545143,250000.0,910704.0,352.0,220.0,220.0,6.0,0.0,0.0,1.0
260000.0,2.560625,3.154981679303778E-7,260000.0,91.4973076923077,82.54437874882807,82.56586989266815,79.9001691124325,260000.0,943904.0,365.0,228.0,228.0,7.0,0.0,0.0,1.0
270000.0,2.637585,3.3493727113637655E-7,270000.0,91.58814814814815,82.73364035648825,82.75814949212761,80.12043974511589,270000.0,976368.0,372.0,233.0,233.0,7.0,0.0,0.0,1.0
280000.0,2.714235,3.5469688143167227E-7,280000.0,91.64892857142857,82.85705818191725,82.88401712842659,80.25451351944739,280000.0,996480.0,379.0,238.0,238.0,7.0,0.0,0.0,1.0
290000.0,2.783621,3.72622964175211E-7,290000.0,91.73241379310345,83.03141526366879,83.05091934765551,80.45854286715624,290000.0,998656.0,379.0,238.0,238.0,7.0,0.0,0.0,1.0
300000.0,2.855762,3.917418651324179E-7,300000.0,91.83466666666666,83.24060746952387,83.25460573537956,80.69341656223645,300000.0,1024432.0,390.0,245.0,245.0,7.0,0.0,0.0,1.0
310000.0,2.940595,4.1468388526183034E-7,310000.0,91.90774193548387,83.39270576379812,83.41180204723993,80.87417945609661,310000.0,1045368.0,397.0,250.0,250.0,7.0,0.0,0.0,1.0
320000.0,3.019778,4.366859265954958E-7,320000.0,91.984375,83.55215186652273,83.5563220011924,81.05836828735156,320000.0,1074072.0,408.0,257.0,257.0,7.0,0.0,0.0,1.0
330000.0,3.095976,4.5834678492612307E-7,330000.0,92.06090909090909,83.70678604722103,83.71154659172863,81.22406564661196,330000.0,1098840.0,417.0,263.0,263.0,7.0,0.0,0.0,1.0
340000.0,3.171185,4.801108067399925E-7,340000.0,92.1485294117647,83.8876272699081,83.88712841406367,81.43331084511645,340000.0,1118592.0,433.0,274.0,274.0,7.0,0.0,0.0,1.0
350000.0,3.23986,5.0036094525622E-7,350000.0,92.22085714285714,84.03506461400144,84.03361344537814,81.59803186060813,350000.0,1139808.0,433.0,274.0,274.0,7.0,0.0,0.0,1.0
360000.0,3.316226,5.232478052543269E-7,360000.0,92.28055555555555,84.15733526379137,84.15395580898075,81.73657023435548,360000.0,1158480.0,441.0,278.0,278.0,7.0,0.0,0.0,1.0
370000.0,3.382212,5.432308159023524E-7,370000.0,92.34675675675675,84.29434227229724,84.28736308248898,81.89415397993567,370000.0,1170608.0,443.0,279.0,279.0,7.0,0.0,0.0,1.0
380000.0,3.44503,5.622608089488414E-7,380000.0,92.40631578947368,84.42027633632114,84.40713502180385,82.04892129295543,380000.0,1171000.0,450.0,284.0,284.0,7.0,0.0,0.0,1.0
390000.0,3.512059,5.829622546128101E-7,390000.0,92.46948717948717,84.54947382257157,84.53669041263221,82.19240377385947,390000.0,1193824.0,461.0,291.0,291.0,7.0,0.0,0.0,1.0
400000.0,3.578688,6.039453007694747E-7,400000.0,92.53075,84.67421941819805,84.65666613599831,82.32914387106312,400000.0,1217328.0,471.0,296.0,296.0,7.0,0.0,0.0,1.0
410000.0,3.653567,6.287150867780049E-7,410000.0,92.57487804878049,84.76377175503703,84.74662043671273,82.42939842203381,410000.0,1278688.0,495.0,311.0,311.0,7.0,0.0,0.0,1.0
420000.0,3.722942,6.522970591237148E-7,420000.0,92.63119047619047,84.87994238187639,84.87363332893456,82.5623718194316,420000.0,1313952.0,503.0,315.0,315.0,7.0,0.0,0.0,1.0
430000.0,3.789537,6.755424142587517E-7,430000.0,92.68116279069768,84.98298361699513,84.97438517252411,82.68131215021161,430000.0,1349264.0,514.0,322.0,322.0,7.0,0.0,0.0,1.0
440000.0,3.854919,6.984105073991749E-7,440000.0,92.73727272727272,85.09665232813086,85.089655236771,82.80650593723266,440000.0,1351992.0,520.0,325.0,325.0,7.0,0.0,0.0,1.0
450000.0,3.928978,7.24817593983478E-7,450000.0,92.78866666666666,85.20220953864185,85.19429324889701,82.92681643604986,450000.0,1378304.0,530.0,330.0,330.0,7.0,0.0,0.0,1.0
460000.0,3.996357,7.491589333220489E-7,460000.0,92.83695652173914,85.300329174897,85.29910411535853,83.03592573905702,460000.0,1396440.0,542.0,339.0,339.0,7.0,0.0,0.0,1.0
470000.0,4.06487,7.74487330350611E-7,470000.0,92.8863829787234,85.40195508931336,85.40261350587886,83.15132762539244,470000.0,1429016.0,555.0,347.0,347.0,7.0,0.0,0.0,1.0
480000.0,4.160135,8.109765060763393E-7,480000.0,92.93145833333334,85.49578948500285,85.4960885735049,83.26336922796132,480000.0,1480584.0,572.0,357.0,357.0,7.0,0.0,0.0,1.0
490000.0,4.237758,8.416265690740613E-7,490000.0,92.97755102040817,85.59191549185557,85.5941321521722,83.37705250648543,490000.0,1526312.0,589.0,367.0,367.0,7.0,0.0,0.0,1.0
500000.0,4.308878,8.700509408530263E-7,500000.0,93.0228,85.68500595036298,85.68421225414362,83.48349343572312,500000.0,1544904.0,604.0,376.0,376.0,7.0,0.0,0.0,1.0
510000.0,4.383075,9.001600843005711E-7,510000.0,93.0692156862745,85.78139895923552,85.78026124701802,83.59760370117726,510000.0,1568608.0,620.0,387.0,387.0,7.0,0.0,0.0,1.0
520000.0,4.464118,9.342427253578273E-7,520000.0,93.11788461538461,85.88142276023565,85.88061232541624,83.71230395324916,520000.0,1625624.0,633.0,395.0,395.0,7.0,0.0,0.0,1.0
530000.0,4.541167,9.670467338938682E-7,530000.0,93.16358490566039,85.97524337907142,85.97517311853346,83.81942490700179,530000.0,1645744.0,649.0,406.0,406.0,7.0,0.0,0.0,1.0
540000.0,4.631134,1.006349590164092E-6,540000.0,93.20851851851853,86.067155950359,86.06531527252695,83.92245744321744,540000.0,1688664.0,662.0,414.0,414.0,7.0,0.0,0.0,1.0
550000.0,4.711674,1.0423809456659688E-6,550000.0,93.25381818181818,86.15904104523851,86.15486225386483,84.02369921289679,550000.0,1729304.0,671.0,420.0,420.0,7.0,0.0,0.0,1.0
560000.0,4.780274,1.073167220287853E-6,560000.0,93.30339285714285,86.25982041589889,86.25138399043854,84.13582753777686,560000.0,1734744.0,681.0,428.0,428.0,7.0,0.0,0.0,1.0
570000.0,4.859911,1.1093525049007602E-6,570000.0,93.3361403508772,86.32682927234853,86.31872782610263,84.2129981754176,570000.0,1756384.0,687.0,431.0,431.0,7.0,0.0,0.0,1.0
580000.0,4.933979,1.1435946195158695E-6,580000.0,93.37603448275861,86.40834639025185,86.40136485429402,84.30423290150465,580000.0,1787032.0,689.0,432.0,432.0,7.0,0.0,0.0,1.0
590000.0,5.005332,1.1767267342449891E-6,590000.0,93.41677966101695,86.49237104406068,86.48524514869675,84.40201917168983,590000.0,1794896.0,698.0,438.0,438.0,7.0,0.0,0.0,1.0
600000.0,5.084988,1.2142693431716828E-6,600000.0,93.45599999999999,86.57204259405543,86.56276629603391,84.49099218308717,600000.0,1821832.0,708.0,443.0,443.0,7.0,0.0,0.0,1.0
610000.0,5.169572,1.2545123338740734E-6,610000.0,93.49081967213114,86.64385614613244,86.6367806575595,84.57456314149631,610000.0,1839096.0,718.0,451.0,451.0,7.0,0.0,0.0,1.0
620000.0,5.245085,1.2907769785987008E-6,620000.0,93.52645161290323,86.71697422358088,86.71323346850947,84.65925161487597,620000.0,1856368.0,728.0,459.0,459.0,7.0,0.0,0.0,1.0
630000.0,5.323574,1.3293379402326214E-6,630000.0,93.56539682539683,86.79593014502643,86.7907498101932,84.74730600204684,630000.0,1899072.0,730.0,460.0,460.0,7.0,0.0,0.0,1.0
640000.0,5.404999,1.369787736321903E-6,640000.0,93.599375,86.86587207110574,86.85926738587187,84.82820433998391,640000.0,1920264.0,740.0,465.0,465.0,8.0,0.0,0.0,1.0
650000.0,5.483564,1.409012203199996E-6,650000.0,93.63507692307692,86.9405529707305,86.93393381064121,84.91922314242389,650000.0,1929880.0,745.0,469.0,469.0,8.0,0.0,0.0,1.0
660000.0,5.570013,1.4530484581511055E-6,660000.0,93.66863636363635,87.00948451122844,87.00127539117179,84.99865376676058,660000.0,1969032.0,768.0,485.0,485.0,8.0,0.0,0.0,1.0
670000.0,5.655924,1.497415721145355E-6,670000.0,93.70014925373134,87.074562500603,87.06530932447507,85.07529710444712,670000.0,1996256.0,775.0,490.0,490.0,8.0,0.0,0.0,1.0
680000.0,5.740499,1.5417296390649346E-6,680000.0,93.7335294117647,87.14245876473548,87.13487369460269,85.15121631651758,680000.0,2025352.0,787.0,499.0,499.0,8.0,0.0,0.0,1.0
690000.0,5.833251,1.5913935483412611E-6,690000.0,93.75884057971014,87.19515060904641,87.19027193603465,85.21468643352034,690000.0,2069760.0,805.0,511.0,511.0,8.0,0.0,0.0,1.0
700000.0,5.915583,1.6360195999758113E-6,700000.0,93.78842857142857,87.25574560953412,87.24998313916494,85.28312743272973,700000.0,2095184.0,811.0,514.0,514.0,8.0,0.0,0.0,1.0
710000.0,6.003491,1.6844119181566771E-6,710000.0,93.82183098591548,87.3238637630698,87.32097177460147,85.35964247689549,710000.0,2127896.0,823.0,523.0,523.0,8.0,0.0,0.0,1.0
720000.0,6.087372,1.7308761180813118E-6,720000.0,93.84986111111111,87.38281238263886,87.37792954831795,85.43124578459918,720000.0,2141200.0,833.0,531.0,531.0,8.0,0.0,0.0,1.0
730000.0,6.176123,1.7810533376700353E-6,730000.0,93.87767123287671,87.4400474006858,87.43286637385627,85.49710221114594,730000.0,2185424.0,853.0,544.0,544.0,8.0,0.0,0.0,1.0
740000.0,6.26559,1.8324245206680566E-6,740000.0,93.9045945945946,87.49560487853242,87.49029309311975,85.56145966709346,740000.0,2219520.0,866.0,552.0,552.0,8.0,0.0,0.0,1.0
750000.0,6.358879,1.8877360152742932E-6,750000.0,93.92946666666667,87.54668702422715,87.5388649252261,85.62061984606494,750000.0,2291856.0,889.0,568.0,568.0,8.0,0.0,0.0,1.0
760000.0,6.45637,1.9466470052715806E-6,760000.0,93.96078947368422,87.61103767264794,87.60474982918656,85.6939812361687,760000.0,2335792.0,900.0,575.0,575.0,8.0,0.0,0.0,1.0
770000.0,6.547528,2.002595403223402E-6,770000.0,93.98844155844156,87.66720031806216,87.6625834239536,85.75622274807141,770000.0,2372440.0,919.0,586.0,586.0,8.0,0.0,0.0,1.0
780000.0,6.640302,2.0602560293012194E-6,780000.0,94.01846153846154,87.72822140896682,87.72769239267386,85.82457547556763,780000.0,2402456.0,928.0,592.0,592.0,8.0,0.0,0.0,1.0
790000.0,6.728112,2.1154224372862112E-6,790000.0,94.04430379746836,87.78116898258062,87.78077595319037,85.8851552632921,790000.0,2428472.0,932.0,594.0,594.0,8.0,0.0,0.0,1.0
800000.0,6.81424,2.1698027180921698E-6,800000.0,94.072875,87.8407299527914,87.84101544970831,85.95617765878046,800000.0,2440616.0,938.0,597.0,597.0,8.0,0.0,0.0,1.0
810000.0,6.902285,2.2258970235681364E-6,810000.0,94.10283950617284,87.90308248433297,87.90289290209516,86.0305493085024,810000.0,2462728.0,952.0,607.0,607.0,8.0,0.0,0.0,1.0
820000.0,6.990962,2.2830713782852717E-6,820000.0,94.13170731707316,87.96221664497723,87.96051890864054,86.09839172374741,820000.0,2492256.0,961.0,613.0,613.0,8.0,0.0,0.0,1.0
830000.0,7.078113,2.3398105270187882E-6,830000.0,94.1601204819277,88.02148830038227,88.01987172357542,86.16975441619992,830000.0,2516592.0,970.0,619.0,619.0,8.0,0.0,0.0,1.0
840000.0,7.176129,2.4045249585828016E-6,840000.0,94.18690476190477,88.07706878205649,88.07276031450981,86.23487259575404,840000.0,2552152.0,985.0,628.0,628.0,8.0,0.0,0.0,1.0
850000.0,7.283232,2.476328043666564E-6,850000.0,94.21329411764707,88.13186380906552,88.12928978945642,86.29945823990643,850000.0,2591456.0,1002.0,638.0,638.0,8.0,0.0,0.0,1.0
860000.0,7.383145,2.5440571408015154E-6,860000.0,94.24023255813954,88.1876296502593,88.18306304243066,86.36474995802125,860000.0,2620328.0,1008.0,641.0,641.0,8.0,0.0,0.0,1.0
870000.0,7.48405,2.6128032710009973E-6,870000.0,94.27,88.24923367515038,88.24329869676572,86.43731635651322,870000.0,2633528.0,1014.0,644.0,644.0,8.0,0.0,0.0,1.0
880000.0,7.589658,2.6851956951804454E-6,880000.0,94.29795454545454,88.3066133770637,88.2987778288214,86.50363512637544,880000.0,2649712.0,1020.0,647.0,647.0,8.0,0.0,0.0,1.0
890000.0,7.695346,2.7580143657181823E-6,890000.0,94.32573033707865,88.3632952728312,88.35483610621101,86.56798989294501,890000.0,2663296.0,1026.0,650.0,650.0,8.0,0.0,0.0,1.0
900000.0,7.809444,2.837169433912883E-6,900000.0,94.3531111111111,88.41899093352716,88.40889756578181,86.63008192106744,900000.0,2681656.0,1041.0,659.0,659.0,8.0,0.0,0.0,1.0
910000.0,7.916127,2.9118069800858694E-6,910000.0,94.38010989010989,88.47469567003586,88.46528601651907,86.6949551607423,910000.0,2704360.0,1045.0,661.0,661.0,8.0,0.0,0.0,1.0
920000.0,8.025758,2.989925540315194E-6,920000.0,94.40315217391304,88.52226288682516,88.512857808941,86.75005725490398,920000.0,2754376.0,1074.0,683.0,683.0,8.0,0.0,0.0,1.0
930000.0,8.139867,3.0730318862344654E-6,930000.0,94.42892473118279,88.57440452525616,88.56486406554164,86.80727431987859,930000.0,2815248.0,1091.0,696.0,696.0,8.0,0.0,0.0,1.0
940000.0,8.255788,3.158781271620343E-6,940000.0,94.4522340425532,88.6229554753913,88.61191546232362,86.86542278282072,940000.0,2859376.0,1115.0,714.0,714.0,8.0,0.0,0.0,1.0
950000.0,8.374417,3.2486180048684275E-6,950000.0,94.47494736842104,88.66991840166683,88.65700671010404,86.92034538182632,950000.0,2927288.0,1126.0,721.0,721.0,8.0,0.0,0.0,1.0
960000.0,8.480229,3.3293209705336224E-6,960000.0,94.50135416666666,88.7245198825539,88.71071569874995,86.98442677923308,960000.0,2948200.0,1133.0,726.0,726.0,8.0,0.0,0.0,1.0
970000.0,8.586838,3.411457659519381E-6,970000.0,94.52278350515464,88.7687334295325,88.75555301582465,87.03598417838118,970000.0,2978144.0,1141.0,730.0,730.0,8.0,0.0,0.0,1.0
980000.0,8.691137,3.4921772547811267E-6,980000.0,94.54673469387755,88.8179440324426,88.8041831905627,87.0924579204274,980000.0,2991584.0,1147.0,733.0,733.0,8.0,0.0,0.0,1.0
990000.0,8.828513,3.5991163381189105E-6,990000.0,94.57151515151516,88.86861802375847,88.85665766081459,87.15025559854053,990000.0,3009040.0,1166.0,747.0,747.0,8.0,0.0,0.0,1.0
1000000.0,9.060852,3.7820052784163915E-6,1000000.0,94.59570000000001,88.91846387062537,88.90574512549115,87.20842436134433,1000000.0,3042760.0,1168.0,748.0,748.0,8.0,3998.128342245989,0.0,1.0174413161238547
