learning evaluation instances,evaluation time (cpu seconds),model cost (RAM-Hours),classified instances,classifications correct (percent),Kappa Statistic (percent),Kappa Temporal Statistic (percent),Kappa M Statistic (percent),model training instances,model serialized size (bytes),tree size (nodes),tree size (leaves),active learning leaves,tree depth,active leaf byte size estimate,inactive leaf byte size estimate,byte size estimate overhead
10000.0,0.491605,1.6418244037777187E-8,10000.0,80.07,58.58479270161392,59.276665304454426,52.38891543239368,10000.0,129096.0,38.0,30.0,30.0,3.0,0.0,0.0,1.0
20000.0,0.644559,2.406081869163447E-8,20000.0,83.465,65.67936925758613,65.75541058299679,60.437851417633695,20000.0,193144.0,59.0,45.0,45.0,3.0,0.0,0.0,1.0
30000.0,0.767197,3.121553379835354E-8,30000.0,84.89666666666666,68.77462934706296,68.72152423029131,64.1478081974996,30000.0,225512.0,72.0,53.0,53.0,4.0,0.0,0.0,1.0
40000.0,0.886722,3.9652569558885364E-8,40000.0,85.97,70.99573189946128,71.1435623200329,66.60517703064565,40000.0,272856.0,91.0,64.0,64.0,4.0,0.0,0.0,1.0
50000.0,1.015439,4.9201176009244393E-8,50000.0,86.666,72.45114779848547,72.60549780170112,68.26447067783701,50000.0,286752.0,97.0,67.0,67.0,4.0,0.0,0.0,1.0
60000.0,1.157978,6.117255193284817E-8,60000.0,87.19,73.56528644593355,73.68979563892788,69.57846823669108,60000.0,324648.0,115.0,76.0,76.0,4.0,0.0,0.0,1.0
70000.0,1.295471,7.307212726316519E-8,70000.0,87.59285714285714,74.41908780066878,74.57701539722498,70.58325430158514,70000.0,334544.0,119.0,78.0,78.0,5.0,0.0,0.0,1.0
80000.0,1.371521,7.982131858459777E-8,80000.0,87.94875,75.17445417808463,75.35216668797136,71.47633136094674,80000.0,343048.0,126.0,83.0,83.0,5.0,0.0,0.0,1.0
90000.0,1.472083,9.009971516620781E-8,90000.0,88.22222222222223,75.72995048665673,75.90306667575986,72.05820328975116,90000.0,395088.0,144.0,92.0,92.0,5.0,0.0,0.0,1.0
100000.0,1.585297,1.0330509902081556E-7,100000.0,88.527,76.35112372657882,76.469985028405,72.73008176459402,100000.0,450872.0,169.0,106.0,106.0,5.0,0.0,0.0,1.0
110000.0,1.670093,1.1368119872485598E-7,110000.0,88.81727272727272,76.9636560055663,77.08201363788798,73.47207246064265,110000.0,473000.0,179.0,111.0,111.0,5.0,0.0,0.0,1.0
120000.0,1.776541,1.2734740297206574E-7,120000.0,89.08416666666666,77.51518055744295,77.61390436476741,74.11060162858723,120000.0,496264.0,191.0,117.0,117.0,5.0,0.0,0.0,1.0
130000.0,1.867491,1.3937458796840575E-7,130000.0,89.28307692307692,77.91994950375984,78.04843461956607,74.56828885400313,130000.0,511168.0,197.0,120.0,120.0,5.0,0.0,0.0,1.0
140000.0,1.957269,1.5167228183191685E-7,140000.0,89.48714285714286,78.33842011150392,78.47018036599816,75.03858351847768,140000.0,529488.0,205.0,124.0,124.0,6.0,0.0,0.0,1.0
150000.0,2.045403,1.6406398694755303E-7,150000.0,89.68733333333333,78.75729551657403,78.88796386019024,75.53728156875147,150000.0,543488.0,211.0,127.0,127.0,6.0,0.0,0.0,1.0
160000.0,2.158703,1.816199783422053E-7,160000.0,89.81875000000001,79.02434461025535,79.14105716041794,75.82153352925461,160000.0,598960.0,231.0,140.0,140.0,6.0,0.0,0.0,1.0
170000.0,2.27492,2.0068530363962056E-7,170000.0,89.97294117647058,79.34435035953396,79.44258855027195,76.19539716232822,170000.0,634128.0,248.0,150.0,150.0,6.0,0.0,0.0,1.0
180000.0,2.402764,2.2325534067841043E-7,180000.0,90.1361111111111,79.68764199273495,79.78135853783522,76.59905368181037,180000.0,682424.0,262.0,160.0,160.0,6.0,0.0,0.0,1.0
190000.0,2.513659,2.4400202959568965E-7,190000.0,90.26473684210526,79.95629928354552,80.04746238066987,76.91020983909424,190000.0,723168.0,278.0,171.0,171.0,6.0,0.0,0.0,1.0
200000.0,2.589479,2.5873674030726155E-7,200000.0,90.392,80.21835951292537,80.30320113982306,77.20603062761703,200000.0,751208.0,287.0,177.0,177.0,6.0,0.0,0.0,1.0
210000.0,2.658742,2.723140043330689E-7,210000.0,90.53095238095239,80.50656814139613,80.58787926119723,77.53589624826309,210000.0,757728.0,289.0,178.0,178.0,6.0,0.0,0.0,1.0
220000.0,2.764791,2.9435392800718543E-7,220000.0,90.66,80.77288458918233,80.85833791349548,77.83554639886955,220000.0,803352.0,309.0,191.0,191.0,6.0,0.0,0.0,1.0
230000.0,2.8527,3.1347186474750435E-7,230000.0,90.77130434782609,81.00224878415334,81.07659938663433,78.09629950673849,230000.0,840640.0,322.0,199.0,199.0,7.0,0.0,0.0,1.0
240000.0,2.919526,3.282325793968306E-7,240000.0,90.89375,81.25831152185783,81.31987418373276,78.39390224612464,240000.0,853816.0,328.0,202.0,202.0,7.0,0.0,0.0,1.0
250000.0,2.993884,3.4545337313579184E-7,250000.0,91.01559999999999,81.51390893722011,81.5621408635692,78.69379624359703,250000.0,895216.0,344.0,213.0,213.0,7.0,0.0,0.0,1.0
260000.0,3.092228,3.6857231419119567E-7,260000.0,91.11807692307691,81.72311603776666,81.75778688848338,78.924360238017,260000.0,908704.0,348.0,215.0,215.0,7.0,0.0,0.0,1.0
270000.0,3.178493,3.894030098948213E-7,270000.0,91.20370370370371,81.89685813662483,81.92583122150941,79.10986014601109,270000.0,933408.0,360.0,221.0,221.0,7.0,0.0,0.0,1.0
280000.0,3.246402,4.062359266252153E-7,280000.0,91.29821428571428,82.0902329274548,82.10942146575715,79.3262907810445,280000.0,958152.0,369.0,227.0,227.0,7.0,0.0,0.0,1.0
290000.0,3.315214,4.2374825558107756E-7,290000.0,91.38275862068966,82.26398767112184,82.29517952787145,79.52461716195953,290000.0,983744.0,382.0,235.0,235.0,7.0,0.0,0.0,1.0
300000.0,3.377937,4.400213430035445E-7,300000.0,91.45433333333334,82.41302366329248,82.44582149337533,79.69780720162818,300000.0,1002872.0,393.0,242.0,242.0,7.0,0.0,0.0,1.0
310000.0,3.446339,4.5857246764832067E-7,310000.0,91.55032258064516,82.6133781011498,82.64217459875684,79.93473464885402,310000.0,1048344.0,410.0,255.0,255.0,7.0,0.0,0.0,1.0
320000.0,3.516726,4.786226545315649E-7,320000.0,91.63125,82.78254164355566,82.81405422749879,80.1320572742785,320000.0,1101104.0,423.0,263.0,263.0,7.0,0.0,0.0,1.0
330000.0,3.591994,5.007360180508759E-7,330000.0,91.71545454545455,82.9614842304849,82.99062396953879,80.34847864058827,330000.0,1135656.0,440.0,276.0,276.0,7.0,0.0,0.0,1.0
340000.0,3.664956,5.228951925784349E-7,340000.0,91.79,83.11323152607899,83.14107287376038,80.51242669645352,340000.0,1173976.0,456.0,287.0,287.0,7.0,0.0,0.0,1.0
350000.0,3.728952,5.427683907250563E-7,350000.0,91.84914285714287,83.23667977979417,83.26577778820604,80.65636018443179,350000.0,1200376.0,465.0,293.0,293.0,7.0,0.0,0.0,1.0
360000.0,3.814698,5.707066932568947E-7,360000.0,91.91277777777778,83.36866340658447,83.39332059435873,80.80564345991561,360000.0,1259472.0,477.0,302.0,302.0,7.0,0.0,0.0,1.0
370000.0,3.884567,5.93703936568151E-7,370000.0,91.97621621621622,83.50234403309076,83.53009053790164,80.96264091416259,370000.0,1272312.0,479.0,303.0,303.0,7.0,0.0,0.0,1.0
380000.0,3.95352,6.16451339688566E-7,380000.0,92.045,83.64367352999142,83.67826270065386,81.12162373145979,380000.0,1275208.0,495.0,314.0,314.0,7.0,0.0,0.0,1.0
390000.0,4.021459,6.394283420820204E-7,390000.0,92.12,83.79998066834025,83.83385673931227,81.30349874979468,390000.0,1307304.0,497.0,315.0,315.0,7.0,0.0,0.0,1.0
400000.0,4.085797,6.613889469930696E-7,400000.0,92.171,83.90481856139826,83.93820651170425,81.41924765634272,400000.0,1319408.0,497.0,315.0,315.0,7.0,0.0,0.0,1.0
410000.0,4.15773,6.866144259812104E-7,410000.0,92.23926829268294,84.04606585361776,84.0783995836836,81.57961768690156,410000.0,1355544.0,517.0,328.0,328.0,7.0,0.0,0.0,1.0
420000.0,4.236702,7.150990700018075E-7,420000.0,92.29642857142856,84.16455654504857,84.19154830482388,81.7160004068762,420000.0,1394248.0,531.0,335.0,335.0,7.0,0.0,0.0,1.0
430000.0,4.302613,7.391490695604848E-7,430000.0,92.35953488372093,84.29591465024178,84.32321265823992,81.86955394047757,430000.0,1410456.0,533.0,336.0,336.0,7.0,0.0,0.0,1.0
440000.0,4.363117,7.61239654345231E-7,440000.0,92.41977272727273,84.4201910452574,84.45255542503403,82.01092731126658,440000.0,1411320.0,535.0,337.0,337.0,7.0,0.0,0.0,1.0
450000.0,4.433931,7.874979895912112E-7,450000.0,92.48155555555554,84.54865677897004,84.57375262742737,82.16132995186146,450000.0,1433344.0,545.0,342.0,342.0,7.0,0.0,0.0,1.0
460000.0,4.519986,8.201914357704422E-7,460000.0,92.5413043478261,84.6714638310194,84.69676763261539,82.30020016095419,460000.0,1468544.0,565.0,352.0,352.0,7.0,0.0,0.0,1.0
470000.0,4.607723,8.544699332552653E-7,470000.0,92.59021276595745,84.77380615143572,84.79891052893471,82.42025612938724,470000.0,1510224.0,580.0,361.0,361.0,7.0,0.0,0.0,1.0
480000.0,4.678505,8.825141381658615E-7,480000.0,92.64354166666666,84.88475733468896,84.90841019241124,82.5510950347881,480000.0,1531520.0,598.0,373.0,373.0,7.0,0.0,0.0,1.0
490000.0,4.755996,9.138583085830843E-7,490000.0,92.6934693877551,84.9875887246646,85.01004856807904,82.66859657360835,490000.0,1563536.0,612.0,383.0,383.0,7.0,0.0,0.0,1.0
500000.0,4.832797,9.45559173518171E-7,500000.0,92.7388,85.0823906004072,85.09538608065225,82.78104235732681,500000.0,1595536.0,623.0,390.0,390.0,7.0,0.0,0.0,1.0
510000.0,4.904057,9.754585523427362E-7,510000.0,92.79196078431372,85.19182710152774,85.20267278509036,82.90694862924524,510000.0,1621880.0,634.0,397.0,397.0,7.0,0.0,0.0,1.0
520000.0,4.986185,1.0109700733443931E-6,520000.0,92.83942307692308,85.28957384315261,85.29365298787472,83.01950465384597,520000.0,1671400.0,657.0,413.0,413.0,7.0,0.0,0.0,1.0
530000.0,5.072608,1.0499779855687587E-6,530000.0,92.88452830188679,85.38144020908453,85.37637077135456,83.12209094163981,530000.0,1744720.0,689.0,435.0,435.0,7.0,0.0,0.0,1.0
540000.0,5.153475,1.0873365437322194E-6,540000.0,92.92555555555555,85.46690574354187,85.46584843423639,83.2214824054391,540000.0,1785752.0,697.0,439.0,439.0,7.0,0.0,0.0,1.0
550000.0,5.244057,1.1302168963311449E-6,550000.0,92.97018181818181,85.5599144359022,85.55502420945663,83.32988410596026,550000.0,1829864.0,707.0,447.0,447.0,7.0,0.0,0.0,1.0
560000.0,5.351173,1.182670688831972E-6,560000.0,93.00964285714286,85.6420113490812,85.64039734127626,83.42521318666431,560000.0,1892888.0,725.0,459.0,459.0,7.0,0.0,0.0,1.0
570000.0,5.439375,1.2263427282828425E-6,570000.0,93.04894736842105,85.72440409506356,85.72149325914367,83.52379051373538,570000.0,1913936.0,738.0,467.0,467.0,7.0,0.0,0.0,1.0
580000.0,5.522361,1.2678821157125965E-6,580000.0,93.09603448275861,85.82194895433409,85.82262615819828,83.63608129038057,580000.0,1934896.0,747.0,473.0,473.0,7.0,0.0,0.0,1.0
590000.0,5.61436,1.314841066720999E-6,590000.0,93.13813559322034,85.908728966449,85.90620148022307,83.73515031477115,590000.0,1973048.0,762.0,482.0,482.0,7.0,0.0,0.0,1.0
600000.0,5.700422,1.3594535605050624E-6,600000.0,93.1795,85.99409368558928,85.99270934948915,83.83339983328922,600000.0,2003768.0,773.0,489.0,489.0,7.0,0.0,0.0,1.0
610000.0,5.779958,1.4010865857141713E-6,610000.0,93.22459016393442,86.08712091718746,86.08361280590462,83.93972247156519,610000.0,2023376.0,775.0,490.0,490.0,7.0,0.0,0.0,1.0
620000.0,5.892502,1.4602859665888051E-6,620000.0,93.26112903225805,86.16240970243891,86.16051169769821,84.02549436432317,620000.0,2033280.0,781.0,493.0,493.0,7.0,0.0,0.0,1.0
630000.0,5.98248,1.5082435000915495E-6,630000.0,93.29523809523809,86.2329222187171,86.23476503943166,84.10733568362161,630000.0,2060264.0,798.0,503.0,503.0,7.0,0.0,0.0,1.0
640000.0,6.083403,1.562659987749325E-6,640000.0,93.331875,86.30884581532949,86.30937677444605,84.19518626467026,640000.0,2084216.0,808.0,508.0,508.0,7.0,0.0,0.0,1.0
650000.0,6.169463,1.6093594314571885E-6,650000.0,93.37030769230769,86.38887126081933,86.39251498329577,84.29022956031017,650000.0,2097552.0,814.0,511.0,511.0,7.0,0.0,0.0,1.0
660000.0,6.263558,1.6616209056269791E-6,660000.0,93.40409090909091,86.45723433351452,86.46151453895196,84.36511214466572,660000.0,2146928.0,837.0,527.0,527.0,7.0,0.0,0.0,1.0
670000.0,6.36067,1.7168883673474193E-6,670000.0,93.43522388059702,86.52092619582746,86.52397307490801,84.43600694972771,670000.0,2199880.0,852.0,536.0,536.0,8.0,0.0,0.0,1.0
680000.0,6.448768,1.7673978161315124E-6,680000.0,93.46911764705882,86.59077885629675,86.59462396426038,84.51831064475083,680000.0,2216200.0,863.0,543.0,543.0,8.0,0.0,0.0,1.0
690000.0,6.537354,1.818982555170854E-6,690000.0,93.49942028985507,86.6536571267871,86.65532147840497,84.59197273863995,690000.0,2250912.0,876.0,551.0,551.0,8.0,0.0,0.0,1.0
700000.0,6.631036,1.8740248997178344E-6,700000.0,93.53185714285715,86.72023209854345,86.72477892712219,84.66766450843876,700000.0,2271136.0,878.0,552.0,552.0,8.0,0.0,0.0,1.0
710000.0,6.721201,1.927360253387855E-6,710000.0,93.56507042253521,86.78872688072153,86.79308550615714,84.74733008169166,710000.0,2286544.0,882.0,554.0,554.0,8.0,0.0,0.0,1.0
720000.0,6.807759,1.9787126138226855E-6,720000.0,93.5988888888889,86.85858496746698,86.86566143341207,84.82809475527698,720000.0,2293272.0,884.0,555.0,555.0,8.0,0.0,0.0,1.0
730000.0,6.917094,2.0436254291215704E-6,730000.0,93.62972602739727,86.92218305539335,86.92902496816791,84.90137826912776,730000.0,2294952.0,891.0,560.0,560.0,8.0,0.0,0.0,1.0
740000.0,7.031019,2.1118660069422587E-6,740000.0,93.66,86.98496345737576,86.99375414103498,84.97495612518094,740000.0,2315400.0,895.0,562.0,562.0,8.0,0.0,0.0,1.0
750000.0,7.125921,2.168852323732442E-6,750000.0,93.69333333333333,87.05386282372777,87.05967323623072,85.05576443082366,750000.0,2321120.0,902.0,567.0,567.0,8.0,0.0,0.0,1.0
760000.0,7.214179,2.2222246293806367E-6,760000.0,93.72171052631579,87.1119467153019,87.1181544525587,85.12146979859494,760000.0,2337568.0,909.0,572.0,572.0,8.0,0.0,0.0,1.0
770000.0,7.306638,2.279009980675247E-6,770000.0,93.7525974025974,87.17498850705215,87.17859874784445,85.19281202674252,770000.0,2374048.0,931.0,589.0,589.0,8.0,0.0,0.0,1.0
780000.0,7.405441,2.340883546113554E-6,780000.0,93.78205128205128,87.23525366091778,87.23919278027732,85.26086745113294,780000.0,2420680.0,950.0,600.0,600.0,8.0,0.0,0.0,1.0
790000.0,7.536479,2.425028651193198E-6,790000.0,93.80911392405064,87.290327027616,87.29233247590096,85.3224334965908,790000.0,2482184.0,961.0,607.0,607.0,8.0,0.0,0.0,1.0
800000.0,7.656696,2.503436794016096E-6,800000.0,93.838375,87.35101279255039,87.35074713041871,85.3943204579664,800000.0,2521144.0,985.0,622.0,622.0,8.0,0.0,0.0,1.0
810000.0,7.779823,2.5850934711698853E-6,810000.0,93.87061728395062,87.41662579823601,87.4177304371406,85.46774382390822,810000.0,2563544.0,1010.0,639.0,639.0,8.0,0.0,0.0,1.0
820000.0,7.900484,2.6668725041196574E-6,820000.0,93.8970731707317,87.47089143369635,87.4730908253482,85.53022680221596,820000.0,2619856.0,1024.0,649.0,649.0,8.0,0.0,0.0,1.0
830000.0,8.022992,2.7511997239188185E-6,830000.0,93.92433734939759,87.52668623699077,87.53063066404559,85.59364644040681,830000.0,2660760.0,1028.0,651.0,651.0,8.0,0.0,0.0,1.0
840000.0,8.126648,2.8232681558426054E-6,840000.0,93.95035714285714,87.58038586684995,87.58620184239263,85.65605814691976,840000.0,2687528.0,1039.0,658.0,658.0,8.0,0.0,0.0,1.0
850000.0,8.230314,2.896033740521719E-6,850000.0,93.97823529411765,87.63760883762558,87.64303993047173,85.72173777204993,850000.0,2713264.0,1052.0,666.0,666.0,8.0,0.0,0.0,1.0
860000.0,8.341844,2.9749475508742032E-6,860000.0,94.00558139534884,87.69299659438052,87.69788808018136,85.78279826697516,860000.0,2735040.0,1064.0,675.0,675.0,8.0,0.0,0.0,1.0
870000.0,8.445326,3.0494785024039444E-6,870000.0,94.03367816091955,87.75082427635166,87.75243915387611,85.84954010391962,870000.0,2784032.0,1073.0,681.0,681.0,8.0,0.0,0.0,1.0
880000.0,8.55838,3.131894165217462E-6,880000.0,94.05943181818182,87.80373387296689,87.80463907545088,85.9106455116578,880000.0,2817904.0,1089.0,692.0,692.0,8.0,0.0,0.0,1.0
890000.0,8.713484,3.245648718283822E-6,890000.0,94.08752808988764,87.86106157154843,87.8629009006931,85.9752132196162,890000.0,2834968.0,1100.0,699.0,699.0,8.0,0.0,0.0,1.0
900000.0,8.828756,3.331270149455716E-6,900000.0,94.11422222222222,87.91606186536194,87.9190100211187,86.03935293776584,900000.0,2871184.0,1109.0,705.0,705.0,8.0,0.0,0.0,1.0
910000.0,8.939819,3.414013705750306E-6,910000.0,94.13846153846154,87.96557114100302,87.96993159505536,86.09514424919253,910000.0,2879832.0,1111.0,706.0,706.0,8.0,0.0,0.0,1.0
920000.0,9.055415,3.500397575174768E-6,920000.0,94.16836956521739,88.02655242565926,88.03229102070497,86.16404265470065,920000.0,2888632.0,1119.0,710.0,710.0,8.0,0.0,0.0,1.0
930000.0,9.156725,3.576547631087402E-6,930000.0,94.19548387096775,88.08177458916158,88.08670474307254,86.22588407002647,930000.0,2905496.0,1124.0,714.0,714.0,8.0,0.0,0.0,1.0
940000.0,9.271875,3.663550039157271E-6,940000.0,94.22117021276595,88.13497490508762,88.14065897599357,86.28866968216147,940000.0,2920584.0,1131.0,719.0,719.0,8.0,0.0,0.0,1.0
950000.0,9.386929,3.751581440282364E-6,950000.0,94.24694736842105,88.1875954667437,88.19182930070066,86.34779719781879,950000.0,2957592.0,1144.0,727.0,727.0,8.0,0.0,0.0,1.0
960000.0,9.497428,3.837150596467157E-6,960000.0,94.27052083333334,88.23592815584095,88.24109150924842,86.40286364793744,960000.0,2993376.0,1167.0,743.0,743.0,8.0,0.0,0.0,1.0
970000.0,9.610124,3.925963475774559E-6,970000.0,94.29608247422681,88.28884738521458,88.29470566456868,86.4646276842986,970000.0,3046280.0,1177.0,748.0,748.0,8.0,0.0,0.0,1.0
980000.0,9.719452,4.012877620793878E-6,980000.0,94.32183673469387,88.3419996090485,88.34777838038181,86.52684896880008,980000.0,3072992.0,1189.0,757.0,757.0,8.0,0.0,0.0,1.0
990000.0,9.833319,4.103882835023104E-6,990000.0,94.34373737373737,88.38715638722745,88.39519784139115,86.5792513697087,990000.0,3089376.0,1206.0,770.0,770.0,8.0,0.0,0.0,1.0
1000000.0,10.066965,4.293109550339479E-6,1000000.0,94.3662,88.43336283777535,88.44317899759379,86.63265790347839,1000000.0,3130592.0,1206.0,770.0,770.0,8.0,3995.3454545454547,0.0,1.0176101021448334
