learning evaluation instances,evaluation time (cpu seconds),model cost (RAM-Hours),classified instances,classifications correct (percent),Kappa Statistic (percent),Kappa Temporal Statistic (percent),Kappa M Statistic (percent),model training instances,model serialized size (bytes)
10000.0,0.106963,1.1998321033186384E-10,10000.0,73.29,44.27462798567822,45.534257748776504,37.2267920094007,10000.0,4336.0
20000.0,0.149901,1.681478942433993E-10,20000.0,73.97,45.47223474682653,46.41276376737005,38.17102137767222,20000.0,4336.0
30000.0,0.179138,2.0094380610518986E-10,30000.0,74.06666666666666,45.53481763789824,46.64289143405803,38.17054756417389,30000.0,4336.0
40000.0,0.202275,2.2689718753099443E-10,40000.0,74.25,45.89392404000719,47.149674175175754,38.646652370741016,40000.0,4336.0
50000.0,0.225577,2.530356537964609E-10,50000.0,74.29,45.881887559336235,47.18787231420238,38.55162523900574,50000.0,4336.0
60000.0,0.249383,2.7973947011762195E-10,60000.0,74.16666666666667,45.65456216510355,47.12965173789952,38.43342866221799,60000.0,4336.0
70000.0,0.275438,3.0896604888969E-10,70000.0,74.07714285714285,45.48103917182484,47.0158841392198,38.301995851892144,70000.0,4336.0
80000.0,0.295234,3.31171742743916E-10,80000.0,74.01625,45.335559300985615,46.943515658898896,38.132087264501905,80000.0,4336.0
90000.0,0.316466,3.5498823556635115E-10,90000.0,73.99222222222222,45.29625832950764,46.7986453621838,38.09145970536117,90000.0,4336.0
100000.0,0.337729,3.7883950190411673E-10,100000.0,73.942,45.18833384408432,46.63307938068321,37.97191144965484,100000.0,4336.0
110000.0,0.362148,4.062309364477793E-10,110000.0,73.96090909090908,45.24120302784736,46.7136717950626,38.06249324251271,110000.0,4336.0
120000.0,0.38181,4.282863189776738E-10,120000.0,73.93416666666667,45.169606527684294,46.67200872915743,38.0196567986367,120000.0,4336.0
130000.0,0.401722,4.5062213308281365E-10,130000.0,73.89153846153846,45.06312476842545,46.508329261950166,37.887050728350786,130000.0,4336.0
140000.0,0.426519,4.784375801682472E-10,140000.0,73.90571428571428,45.11402290663777,46.524972188067224,37.99728445349626,140000.0,4336.0
150000.0,0.447653,5.021441438131862E-10,150000.0,73.90333333333334,45.11400630054921,46.515917475064896,38.02836969255611,150000.0,4336.0
160000.0,0.468684,5.257351696491241E-10,160000.0,73.878125,45.06818940002654,46.45373715632766,37.97581064035022,160000.0,4336.0
170000.0,0.491658,5.515057096878688E-10,170000.0,73.89705882352942,45.09299571239471,46.40765208149661,37.97956645096369,170000.0,4336.0
180000.0,0.514415,5.770328351193005E-10,180000.0,73.93222222222222,45.157677571617654,46.53372835004557,38.07475056749195,180000.0,4336.0
190000.0,0.537666,6.031140933434169E-10,190000.0,73.91684210526316,45.12382643267081,46.527837721191204,38.05482294413959,190000.0,4336.0
200000.0,0.555886,6.235519465472964E-10,200000.0,73.8945,45.07686789039996,46.507863326673835,38.009356003039514,200000.0,4336.0
210000.0,0.576614,6.46803089314037E-10,210000.0,73.91333333333333,45.090527691412454,46.47529531309539,37.97749247107306,210000.0,4336.0
220000.0,0.595493,6.679801601502631E-10,220000.0,73.89636363636363,45.034841921557764,46.41360841288059,37.89889159232225,220000.0,4336.0
230000.0,0.615634,6.905728495783277E-10,230000.0,73.92869565217391,45.09012660249406,46.501793265885134,37.93446084418407,230000.0,4336.0
240000.0,0.635954,7.133663280142679E-10,240000.0,73.85333333333334,44.95140403719566,46.37910261559101,37.845922228165065,240000.0,4336.0
250000.0,0.656442,7.363482564687729E-10,250000.0,73.8212,44.88357608994209,46.287116524137026,37.80043907584988,250000.0,4336.0
260000.0,0.676833,7.592213774720828E-10,260000.0,73.82153846153847,44.88655024879063,46.31541586149781,37.81838114379683,260000.0,4336.0
270000.0,0.697078,7.819307264354495E-10,270000.0,73.84296296296297,44.9281078051795,46.34861548980135,37.8632576390783,270000.0,4336.0
280000.0,0.715591,8.026972454455164E-10,280000.0,73.81785714285715,44.866037490439574,46.29500750888246,37.78324705083595,280000.0,4336.0
290000.0,0.734667,8.240952963630359E-10,290000.0,73.81413793103448,44.85933069572843,46.31540995659367,37.77888846100274,290000.0,4336.0
300000.0,0.756233,8.482864457699988E-10,300000.0,73.811,44.84708475703065,46.297334244702675,37.76279725597682,300000.0,4336.0
310000.0,0.774474,8.687478552261989E-10,310000.0,73.83580645161291,44.897560515140526,46.360383834509406,37.82559369586215,310000.0,4336.0
320000.0,0.792376,8.888289994663664E-10,320000.0,73.833125,44.89036751075125,46.35118338266764,37.8168234848541,320000.0,4336.0
330000.0,0.815156,9.143819246027206E-10,330000.0,73.84454545454545,44.90431370479947,46.36345558717887,37.827831360882804,330000.0,4336.0
340000.0,0.839712,9.419270356496176E-10,340000.0,73.8229411764706,44.87101775115791,46.3235471497841,37.823884871982955,340000.0,4336.0
350000.0,0.86524,9.705624646610685E-10,350000.0,73.8217142857143,44.86828437833599,46.35848438012272,37.82765944453116,350000.0,4336.0
360000.0,0.891938,1.0005103134446675E-9,360000.0,73.81972222222221,44.85599929968137,46.303597269857896,37.80873260440655,360000.0,4336.0
370000.0,0.915024,1.026406486829122E-9,370000.0,73.80864864864864,44.83137408325611,46.29082585586734,37.77138490582998,370000.0,4336.0
380000.0,0.93849,1.0527289162079494E-9,380000.0,73.81026315789474,44.82222424133285,46.28297232672494,37.75035340330511,380000.0,4336.0
390000.0,0.960511,1.0774304510818588E-9,390000.0,73.79102564102564,44.78294078273813,46.2312139336458,37.71593616515651,390000.0,4336.0
400000.0,0.978517,1.0976282548573281E-9,400000.0,73.79225000000001,44.787275916459926,46.21982813902784,37.71811522306126,400000.0,4336.0
410000.0,0.996553,1.117859710421827E-9,410000.0,73.8039024390244,44.806582893531484,46.25742435538832,37.72995286437348,410000.0,4336.0
420000.0,1.016632,1.1403828528192307E-9,420000.0,73.79738095238095,44.79589778166431,46.24132321835936,37.72542850514094,420000.0,4336.0
430000.0,1.03546,1.1615027156141067E-9,430000.0,73.80209302325581,44.8055127901414,46.2535246210585,37.74227242833377,430000.0,4336.0
440000.0,1.053705,1.1819686119755108E-9,440000.0,73.79568181818182,44.79286287080943,46.22950360960322,37.725699039141865,440000.0,4336.0
450000.0,1.071654,1.2021024773518244E-9,450000.0,73.776,44.76106658634847,46.22017244836575,37.712186470737265,450000.0,4336.0
460000.0,1.091067,1.2238785500327746E-9,460000.0,73.7686956521739,44.74749619378217,46.20826776392338,37.701871050349006,460000.0,4336.0
470000.0,1.110191,1.2453304438127411E-9,470000.0,73.76382978723404,44.73877264117499,46.186442527155535,37.691697447739564,470000.0,4336.0
480000.0,1.130705,1.2683415371510717E-9,480000.0,73.75770833333334,44.727550257112654,46.19035413729763,37.68403451141807,480000.0,4336.0
490000.0,1.150667,1.2907334375712606E-9,490000.0,73.7408163265306,44.69243057699155,46.154168061600274,37.64447610601457,490000.0,4336.0
500000.0,1.169636,1.312011463774575E-9,500000.0,73.7518,44.714289943288954,46.16571023065216,37.66339248394574,500000.0,4336.0
510000.0,1.188777,1.3334824269016582E-9,510000.0,73.7656862745098,44.74065746857033,46.19987212944682,37.68977850636165,510000.0,4336.0
520000.0,1.208111,1.355169883204831E-9,520000.0,73.76692307692308,44.75003394500894,46.216141623624964,37.70999337884427,520000.0,4336.0
530000.0,1.228734,1.3783032447099685E-9,530000.0,73.76207547169813,44.73964891371236,46.203185386064625,37.70282499036834,530000.0,4336.0
540000.0,1.24948,1.4015745785501268E-9,540000.0,73.7611111111111,44.748434851652604,46.210760884832794,37.73072460710895,540000.0,4336.0
550000.0,1.269645,1.4241941894094148E-9,550000.0,73.7669090909091,44.76070609940052,46.22282851775651,37.74534973528766,550000.0,4336.0
560000.0,1.290237,1.447292777399222E-9,560000.0,73.76589285714286,44.761520564423904,46.21540782069728,37.74931249708685,560000.0,4336.0
570000.0,1.310636,1.4701748722129396E-9,570000.0,73.7619298245614,44.7513089737165,46.21490016686805,37.73698803507048,570000.0,4336.0
580000.0,1.332002,1.4941416763597063E-9,580000.0,73.76879310344827,44.76320326120611,46.218834949397106,37.75096457957423,580000.0,4336.0
590000.0,1.350972,1.5154208242893218E-9,590000.0,73.77254237288136,44.76826184992429,46.23672351913168,37.751621156290724,590000.0,4336.0
600000.0,1.369579,1.536292785571681E-9,600000.0,73.76066666666667,44.74501424628773,46.206071788563705,37.72852046103583,600000.0,4336.0
610000.0,1.391376,1.5607430537541707E-9,610000.0,73.75918032786886,44.74451295916032,46.20126170878526,37.72894200395252,610000.0,4336.0
620000.0,1.411044,1.5828051666418711E-9,620000.0,73.74548387096775,44.71056890253756,46.178949421874535,37.676886792452834,620000.0,4336.0
630000.0,1.429247,1.603223950498634E-9,630000.0,73.74809523809523,44.7161173166203,46.177102317104904,37.685047380418595,630000.0,4336.0
640000.0,1.448045,1.6243101615044807E-9,640000.0,73.74453125,44.703247614922844,46.172130018483465,37.66369146986594,640000.0,4336.0
650000.0,1.468322,1.6470554057094786E-9,650000.0,73.75338461538462,44.7260709554493,46.19746381953446,37.690422536240106,650000.0,4336.0
660000.0,1.488928,1.6701696978674994E-9,660000.0,73.76272727272728,44.74480602216303,46.2142224845087,37.704918032786864,660000.0,4336.0
670000.0,1.510158,1.6939839472373326E-9,670000.0,73.76582089552238,44.75469457362978,46.20919073092506,37.72687817753448,670000.0,4336.0
680000.0,1.529985,1.716224414606889E-9,680000.0,73.76058823529412,44.748489717889406,46.18806491403204,37.73015983806799,680000.0,4336.0
690000.0,1.551857,1.7407588122619522E-9,690000.0,73.75898550724638,44.74425221235606,46.191473870339834,37.728535857258805,690000.0,4336.0
700000.0,1.570909,1.7621299417482482E-9,700000.0,73.763,44.75346643777147,46.20447449048336,37.74144558872384,700000.0,4336.0
710000.0,1.590538,1.7841483073102103E-9,710000.0,73.76478873239436,44.756809259493046,46.202211754240544,37.74127886572613,710000.0,4336.0
720000.0,1.610944,1.807038254208035E-9,720000.0,73.76277777777777,44.75242829968996,46.19829744331694,37.741656944362056,720000.0,4336.0
730000.0,1.630186,1.8286225116915172E-9,730000.0,73.76150684931507,44.75281898225388,46.20299738234601,37.744661487957885,730000.0,4336.0
740000.0,1.650506,1.8514159901274575E-9,740000.0,73.7658108108108,44.75915222209136,46.19999889148158,37.74635873294809,740000.0,4336.0
750000.0,1.671152,1.8745751513375176E-9,750000.0,73.75706666666667,44.741974096100634,46.1749664998496,37.73347337517718,750000.0,4336.0
760000.0,1.692133,1.8981100908584066E-9,760000.0,73.75934210526316,44.74419509691798,46.17722229569076,37.72981040641471,760000.0,4336.0
770000.0,1.711574,1.919917571875784E-9,770000.0,73.76597402597402,44.74908542796537,46.18661338661339,37.71579567283233,770000.0,4336.0
780000.0,1.73075,1.9414277954234017E-9,780000.0,73.76679487179487,44.75312934691482,46.189570792538774,37.72798237311656,780000.0,4336.0
790000.0,1.749369,1.9623132174213727E-9,790000.0,73.76430379746836,44.74531756738298,46.19282751029352,37.720070554792656,790000.0,4336.0
800000.0,1.768795,1.984103872544236E-9,800000.0,73.762125,44.7401522564755,46.189893893832306,37.71904838202394,800000.0,4336.0
810000.0,1.788741,2.006477825343609E-9,810000.0,73.76506172839507,44.74775537901118,46.19618745236848,37.732985229007525,810000.0,4336.0
820000.0,1.807015,2.0269762517677416E-9,820000.0,73.77073170731707,44.7584298644296,46.19543056413745,37.744226839335646,820000.0,4336.0
830000.0,1.827204,2.0496227840582533E-9,830000.0,73.77084337349397,44.7553898965502,46.20205305115824,37.74037086607868,830000.0,4336.0
840000.0,1.84726,2.0721201267507345E-9,840000.0,73.7752380952381,44.75919111645838,46.20837515048068,37.7346384426876,840000.0,4336.0
850000.0,1.867312,2.094612982538012E-9,850000.0,73.77423529411764,44.756942113383914,46.20927129306331,37.7352535347385,850000.0,4336.0
860000.0,1.886822,2.116497862670157E-9,860000.0,73.76546511627907,44.73948899849016,46.195964524444896,37.71787439613527,860000.0,4336.0
870000.0,1.906269,2.1383120740453406E-9,870000.0,73.76448275862069,44.73906733930296,46.194210872470876,37.72757159655473,870000.0,4336.0
880000.0,1.925313,2.159674229721229E-9,880000.0,73.76534090909091,44.74329446954498,46.19597515643753,37.74052010323317,880000.0,4336.0
890000.0,1.94498,2.1817352208826284E-9,890000.0,73.76247191011235,44.733793079409786,46.191831326689325,37.73126049972,890000.0,4336.0
900000.0,1.9647,2.2038556635379797E-9,900000.0,73.76733333333333,44.74051745910623,46.19332607080509,37.730384968402824,900000.0,4336.0
910000.0,1.983742,2.2252155757612656E-9,910000.0,73.76725274725274,44.741039596454996,46.2053641849837,37.734781123089064,910000.0,4336.0
920000.0,2.003784,2.247697214285533E-9,920000.0,73.76771739130434,44.74579075585544,46.19750713949718,37.746313201794315,920000.0,4336.0
930000.0,2.024888,2.271370126141443E-9,930000.0,73.76741935483871,44.74598783466648,46.19432528698874,37.74595989108996,930000.0,4336.0
940000.0,2.043492,2.292238722244899E-9,940000.0,73.76648936170213,44.745828254924305,46.19800234761245,37.75148556340338,940000.0,4336.0
950000.0,2.063563,2.314752890831895E-9,950000.0,73.772,44.75753728362288,46.2166263380224,37.76420104006915,950000.0,4336.0
960000.0,2.082041,2.3354801494214276E-9,960000.0,73.7721875,44.757393052835795,46.230379909026844,37.76583123238914,960000.0,4336.0
970000.0,2.100193,2.35584172523684E-9,970000.0,73.76896907216495,44.75112949638685,46.22175723374124,37.760573371492875,970000.0,4336.0
980000.0,2.118137,2.375969981981649E-9,980000.0,73.7645918367347,44.74324108833226,46.225199636909714,37.75688807438951,980000.0,4336.0
990000.0,2.136633,2.396717431644599E-9,990000.0,73.76232323232324,44.736892923460644,46.216790934295176,37.74583818658538,990000.0,4336.0
1000000.0,2.155519,2.4179023545649323E-9,1000000.0,73.76169999999999,44.73899289969809,46.2096238529853,37.75165476501151,1000000.0,4336.0
