learning evaluation instances,evaluation time (cpu seconds),model cost (RAM-Hours),classified instances,classifications correct (percent),Kappa Statistic (percent),Kappa Temporal Statistic (percent),Kappa M Statistic (percent),model training instances,model serialized size (bytes)
10000.0,0.099673,1.1180582559771007E-10,10000.0,73.15,43.184540168466626,43.98080534112247,35.25440077164215,10000.0,4336.0
20000.0,0.148419,1.66485495865345E-10,20000.0,73.515,44.19791823786695,45.487290315941124,37.03043271516879,20000.0,4336.0
30000.0,0.179205,2.010189617673556E-10,30000.0,73.63666666666666,44.446288924532865,45.56779077770129,37.17531178012549,30000.0,4336.0
40000.0,0.200896,2.253503269619412E-10,40000.0,73.57000000000001,44.28284783835474,45.547257275302606,37.02269613391316,40000.0,4336.0
50000.0,0.222608,2.497052484088474E-10,50000.0,73.542,44.28605082075756,45.66476362590873,37.24085582807532,50000.0,4336.0
60000.0,0.246368,2.7635746532016335E-10,60000.0,73.54666666666667,44.33771534131577,45.68661670601924,37.34901713112814,60000.0,4336.0
70000.0,0.267525,3.000898286700249E-10,70000.0,73.62857142857143,44.525342101336705,45.90317664986521,37.65830265779609,70000.0,4336.0
80000.0,0.288887,3.2405214591158765E-10,80000.0,73.64375,44.50626900519644,45.95114198559379,37.577713304517715,80000.0,4336.0
90000.0,0.312717,3.5078288366397224E-10,90000.0,73.6,44.39681042131828,45.86219467736055,37.425930315240585,90000.0,4336.0
100000.0,0.338115,3.792724882562955E-10,100000.0,73.568,44.32090450865887,45.92471358428805,37.32334250213412,100000.0,4336.0
110000.0,0.367972,4.127638704246945E-10,110000.0,73.56,44.32755124291789,45.912370750576514,37.38239283484403,110000.0,4336.0
120000.0,0.397082,4.454173230462604E-10,120000.0,73.625,44.46906208803807,46.10656086638173,37.55056135435368,120000.0,4336.0
130000.0,0.425208,4.769669969876607E-10,130000.0,73.63230769230769,44.47997433101795,46.0656124616474,37.53098119259368,130000.0,4336.0
140000.0,0.452267,5.07319788965914E-10,140000.0,73.66642857142857,44.541796278988734,46.155194321517754,37.56752637550591,140000.0,4336.0
150000.0,0.475165,5.33005077805784E-10,150000.0,73.71333333333332,44.632842031188446,46.22717416504152,37.6699336073348,150000.0,4336.0
160000.0,0.496097,5.564850527379248E-10,160000.0,73.728125,44.66588165760496,46.211723758461396,37.711161164127795,160000.0,4336.0
170000.0,0.520314,5.836498985687892E-10,170000.0,73.68705882352941,44.58432466214754,46.10862127126404,37.62619220257684,170000.0,4336.0
180000.0,0.545835,6.122774754961332E-10,180000.0,73.71277777777779,44.64872392550252,46.16522362417941,37.7104643049906,180000.0,4336.0
190000.0,0.571082,6.405976994170083E-10,190000.0,73.73368421052632,44.68500267747936,46.20343221800621,37.73657879305828,190000.0,4336.0
200000.0,0.593752,6.660272346602546E-10,200000.0,73.729,44.64912045646249,46.186384260065346,37.64744974248214,200000.0,4336.0
210000.0,0.619324,6.947120196289487E-10,210000.0,73.69571428571429,44.57249342560505,46.10986995502571,37.550591267777605,210000.0,4336.0
220000.0,0.641909,7.200462081366116E-10,220000.0,73.72090909090909,44.632508643037845,46.17547387628944,37.629861373321106,220000.0,4336.0
230000.0,0.661058,7.415261450741027E-10,230000.0,73.71695652173914,44.61564352524243,46.18349832633004,37.61120399611947,230000.0,4336.0
240000.0,0.680116,7.629040049182045E-10,240000.0,73.69083333333334,44.55180507817618,46.102039248491266,37.52523053785572,240000.0,4336.0
250000.0,0.700234,7.854708946413465E-10,250000.0,73.67519999999999,44.511030323692005,46.056622022589785,37.46305957030321,250000.0,4336.0
260000.0,0.72225,8.10166820883751E-10,260000.0,73.68923076923078,44.54995039012127,46.08278949525521,37.53492704129153,260000.0,4336.0
270000.0,0.741761,8.320528227421973E-10,270000.0,73.68666666666667,44.53395796405344,46.096008376264216,37.52385307385879,270000.0,4336.0
280000.0,0.761239,8.539018076327113E-10,280000.0,73.66857142857143,44.497761097716904,46.073727325921595,37.493747509601285,280000.0,4336.0
290000.0,0.782278,8.77501807279057E-10,290000.0,73.67,44.499455898000626,46.078230595945115,37.49068790778779,290000.0,4336.0
300000.0,0.806072,9.041921628846063E-10,300000.0,73.63833333333332,44.429772084633775,45.9787152654444,37.411956504534714,300000.0,4336.0
310000.0,0.832485,9.338203196724257E-10,310000.0,73.63290322580646,44.42218252421331,45.945481238509664,37.41012152259311,310000.0,4336.0
320000.0,0.855685,9.59844369855192E-10,320000.0,73.623125,44.40899684800609,45.929636652488085,37.405633092564855,320000.0,4336.0
330000.0,0.88022,9.873659246497684E-10,330000.0,73.63484848484848,44.43775600683238,45.98948407402118,37.46810697370217,330000.0,4336.0
340000.0,0.907135,1.0175571880406805E-9,340000.0,73.64,44.457441723282436,46.024270529073455,37.49459500927568,340000.0,4336.0
350000.0,0.934917,1.0487209881345433E-9,350000.0,73.63828571428571,44.437936170707054,46.020230858787656,37.44593147025721,350000.0,4336.0
360000.0,0.966521,1.0841720261507565E-9,360000.0,73.63222222222223,44.417143641251414,46.00608628878587,37.40999604378214,360000.0,4336.0
370000.0,0.993221,1.1141221183869575E-9,370000.0,73.64432432432433,44.436931493441136,46.01190311418686,37.42034435624122,370000.0,4336.0
380000.0,1.023115,1.1476550044284928E-9,380000.0,73.64657894736843,44.44242821603932,46.02386650281354,37.42587744237343,380000.0,4336.0
390000.0,1.049106,1.176809792717298E-9,390000.0,73.65846153846154,44.464303536549565,46.05063463972315,37.44854964806742,390000.0,4336.0
400000.0,1.069778,1.1999981188111836E-9,400000.0,73.656,44.452864569348115,46.05480728374774,37.42034717644474,400000.0,4336.0
410000.0,1.089303,1.2218998248378437E-9,410000.0,73.65048780487805,44.43469447992779,46.04743379095772,37.384515515782404,410000.0,4336.0
420000.0,1.108106,1.2429916444751953E-9,420000.0,73.65380952380953,44.441807124595265,46.05953953622142,37.39944105633563,420000.0,4336.0
430000.0,1.129123,1.2665669661429195E-9,430000.0,73.65255813953489,44.44366678235395,46.06357503653874,37.408704683822634,430000.0,4336.0
440000.0,1.148987,1.2888489373856123E-9,440000.0,73.65363636363637,44.4320510930479,46.04923907478941,37.375276188624,440000.0,4336.0
450000.0,1.171369,1.313955415454176E-9,450000.0,73.64311111111111,44.41635362360553,46.0364258447875,37.36877679910442,450000.0,4336.0
460000.0,1.192136,1.3372503055466548E-9,460000.0,73.64869565217391,44.42857772209869,46.04997285051762,37.383578273110004,460000.0,4336.0
470000.0,1.212674,1.360288320316209E-9,470000.0,73.64382978723404,44.41313857753571,46.0340418487329,37.36334860390562,470000.0,4336.0
480000.0,1.239845,1.3907667456401723E-9,480000.0,73.64604166666666,44.42601025744135,46.04504954084612,37.398736087810704,480000.0,4336.0
490000.0,1.261115,1.4146258640620448E-9,490000.0,73.63571428571429,44.41017746355538,46.022905324380666,37.39853945270665,490000.0,4336.0
500000.0,1.280237,1.4360755143894094E-9,500000.0,73.6362,44.4147931328947,46.017412813078444,37.409368248617064,500000.0,4336.0
510000.0,1.299369,1.457536381979784E-9,510000.0,73.6307843137255,44.39842376995443,45.99575139645736,37.38132377249553,510000.0,4336.0
520000.0,1.320592,1.4813427792655103E-9,520000.0,73.62442307692308,44.38646343122162,45.98723255108751,37.375347019286956,520000.0,4336.0
530000.0,1.340005,1.5031188519464605E-9,530000.0,73.6222641509434,44.37750140048746,45.97128557902263,37.36132766994641,530000.0,4336.0
540000.0,1.360021,1.5255713255869024E-9,540000.0,73.6387037037037,44.4096702806387,45.98894365208548,37.39208071460928,540000.0,4336.0
550000.0,1.379556,1.5474842488765723E-9,550000.0,73.63981818181819,44.41732418210449,45.99912842345211,37.40701565029682,550000.0,4336.0
560000.0,1.400586,1.5710741529862092E-9,560000.0,73.64500000000001,44.425582841449554,45.97981764875975,37.40966921119593,560000.0,4336.0
570000.0,1.421655,1.5947078044215845E-9,570000.0,73.6457894736842,44.422214807973376,45.97818542746276,37.40718517962949,570000.0,4336.0
580000.0,1.442555,1.6181518841120938E-9,580000.0,73.63568965517241,44.396924644093296,45.93982118172786,37.37667858415342,580000.0,4336.0
590000.0,1.462557,1.640588653584322E-9,590000.0,73.63271186440677,44.390062481262724,45.94501622688449,37.36431424338078,590000.0,4336.0
600000.0,1.483135,1.6636715374059154E-9,600000.0,73.63666666666666,44.39995073368844,45.950009396729925,37.37677659448117,600000.0,4336.0
610000.0,1.504784,1.6879557900958598E-9,610000.0,73.64147540983606,44.41087244659836,45.95939905219642,37.399453368944826,610000.0,4336.0
620000.0,1.52459,1.7101727012130957E-9,620000.0,73.63854838709678,44.40543568979935,45.95919851871445,37.3945186064773,620000.0,4336.0
630000.0,1.544842,1.7328899022605692E-9,630000.0,73.6288888888889,44.385656578349334,45.948355234262394,37.376364513599896,630000.0,4336.0
640000.0,1.56584,1.7564439111285747E-9,640000.0,73.6178125,44.36504349214189,45.92446219426661,37.361206432824474,640000.0,4336.0
650000.0,1.586959,1.780133648878999E-9,650000.0,73.62461538461538,44.3865450173047,45.94952472531804,37.40049951071321,650000.0,4336.0
660000.0,1.618989,1.8160625422994303E-9,660000.0,73.62878787878788,44.39332465175783,45.94720496894411,37.406496346164914,660000.0,4336.0
670000.0,1.64829,1.8489302446444837E-9,670000.0,73.64089552238806,44.411266795806625,45.952050141083014,37.416590772981614,670000.0,4336.0
680000.0,1.684514,1.8895636581712306E-9,680000.0,73.63485294117646,44.40741893249058,45.94813785285524,37.43592070044911,680000.0,4336.0
690000.0,1.716868,1.92585599091318E-9,690000.0,73.62434782608696,44.3881160724751,45.92969362774226,37.41613565476947,690000.0,4336.0
700000.0,1.751517,1.9647226855158816E-9,700000.0,73.62385714285715,44.3855750452682,45.93881578562101,37.40384256795012,700000.0,4336.0
710000.0,1.779635,1.9962633856468742E-9,710000.0,73.62014084507042,44.3717921498001,45.92059179354212,37.377712394262595,710000.0,4336.0
720000.0,1.808656,2.0288170046276527E-9,720000.0,73.62180555555555,44.37715320516688,45.927085854200165,37.384650382273314,720000.0,4336.0
730000.0,1.841678,2.0658586505386577E-9,730000.0,73.62958904109588,44.3919797983397,45.94588523356508,37.39605522041008,730000.0,4336.0
740000.0,1.873981,2.1020937752392567E-9,740000.0,73.6327027027027,44.403989087292445,45.94006023345311,37.41985766014837,740000.0,4336.0
750000.0,1.905154,2.137061349219747E-9,750000.0,73.64133333333334,44.41970535950024,45.95015789257837,37.43056720461588,750000.0,4336.0
760000.0,1.933949,2.169361458056504E-9,760000.0,73.63763157894738,44.41726111124005,45.9405641388168,37.43590704413593,760000.0,4336.0
770000.0,1.970751,2.210643229385218E-9,770000.0,73.63935064935066,44.4245953315937,45.95048716644611,37.451234168438575,770000.0,4336.0
780000.0,1.999422,2.242804244160653E-9,780000.0,73.63205128205128,44.408456486022715,45.9347915806851,37.43097998533657,780000.0,4336.0
790000.0,2.02191,2.268029625217121E-9,790000.0,73.6346835443038,44.41791887953024,45.94551107374017,37.449021880799805,790000.0,4336.0
800000.0,2.047604,2.2968512607945345E-9,800000.0,73.635625,44.42367600898056,45.95179827539817,37.463307893472816,800000.0,4336.0
810000.0,2.069517,2.3214316492279378E-9,810000.0,73.63839506172839,44.425267484825746,45.96117831654602,37.45654039583022,810000.0,4336.0
820000.0,2.091389,2.345966046883001E-9,820000.0,73.64231707317073,44.43571076421564,45.970261932974346,37.47454234071604,820000.0,4336.0
830000.0,2.113165,2.37039275881317E-9,830000.0,73.65192771084338,44.455001903647485,45.997115750275356,37.493676168372566,830000.0,4336.0
840000.0,2.136183,2.3962126548091577E-9,840000.0,73.65321428571428,44.45981120166736,46.002913182761965,37.50409461092724,840000.0,4336.0
850000.0,2.156928,2.419482866923015E-9,850000.0,73.65882352941176,44.471787612401634,46.01658320414122,37.520928675075346,850000.0,4336.0
860000.0,2.178378,2.443543896079064E-9,860000.0,73.65348837209302,44.45906459960098,46.01073208856356,37.50741234130695,860000.0,4336.0
870000.0,2.200891,2.468797320293056E-9,870000.0,73.64919540229884,44.45507693494676,46.00359423321062,37.50899535512571,870000.0,4336.0
880000.0,2.22211,2.4925992306735785E-9,880000.0,73.6484090909091,44.45430142953146,46.00373023985769,37.50700672645741,880000.0,4336.0
890000.0,2.242899,2.5159187987446787E-9,890000.0,73.63988764044944,44.43596438300003,45.98138631005011,37.48467794370012,890000.0,4336.0
900000.0,2.264051,2.5396455534630353E-9,900000.0,73.64122222222223,44.43733842450916,45.975901638970946,37.48461682385836,900000.0,4336.0
910000.0,2.285466,2.56366732219855E-9,910000.0,73.63780219780219,44.431934823700324,45.97387154674047,37.479704672030095,910000.0,4336.0
920000.0,2.305898,2.5865864339802E-9,920000.0,73.64032608695652,44.43145859784289,45.96874993037468,37.47173440525578,920000.0,4336.0
930000.0,2.326988,2.6102436416678955E-9,930000.0,73.6378494623656,44.426227687114654,45.96288761590731,37.464959737175704,930000.0,4336.0
940000.0,2.347272,2.6329967379570002E-9,940000.0,73.64095744680851,44.42920158106005,45.967193238021295,37.459141150130876,940000.0,4336.0
950000.0,2.368005,2.6562534893552456E-9,950000.0,73.64252631578947,44.43148829097427,45.97083586868804,37.46181838162386,950000.0,4336.0
960000.0,2.389467,2.6803279792269063E-9,960000.0,73.641875,44.43592622762982,45.96864944044312,37.47532128657948,960000.0,4336.0
970000.0,2.410465,2.703881988094912E-9,970000.0,73.64773195876289,44.44645107260982,45.981990968011885,37.48086151317559,970000.0,4336.0
980000.0,2.431017,2.72693570703268E-9,980000.0,73.65020408163265,44.452601560016824,45.98520297279263,37.48822887188413,980000.0,4336.0
990000.0,2.456255,2.7552458354168462E-9,990000.0,73.64868686868687,44.44819911707532,45.97803736092157,37.47980923622593,990000.0,4336.0
1000000.0,2.476266,2.777692700425783E-9,1000000.0,73.6456,44.44541865243444,45.97991649294987,37.48600489591437,1000000.0,4336.0
