learning evaluation instances,evaluation time (cpu seconds),model cost (RAM-Hours),classified instances,classifications correct (percent),Kappa Statistic (percent),Kappa Temporal Statistic (percent),Kappa M Statistic (percent),model training instances,model serialized size (bytes)
10000.0,0.130434,1.4631124834219615E-10,10000.0,73.13,44.050859372136955,45.15207185139823,37.08733317724185,10000.0,4336.0
20000.0,0.173356,1.9445798463291592E-10,20000.0,73.68,45.04295836594842,46.247319513938535,38.237709726622086,20000.0,4336.0
30000.0,0.212657,2.385429499877824E-10,30000.0,73.67,44.82402405161237,45.96018334815626,37.84230406043437,30000.0,4336.0
40000.0,0.24348,2.731179197629293E-10,40000.0,73.575,44.53900156980336,45.76706003078502,37.57013761738822,40000.0,4336.0
50000.0,0.269957,3.0281786703401143E-10,50000.0,73.408,44.0924252857117,45.42320006567604,36.96188128200264,50000.0,4336.0
60000.0,0.302556,3.3938502271970114E-10,60000.0,73.55000000000001,44.3297255990426,45.47703301611297,37.083729781160805,60000.0,4336.0
70000.0,0.332398,3.728595789935854E-10,70000.0,73.52857142857144,44.30978459816394,45.41651938258514,37.22687082895762,70000.0,4336.0
80000.0,0.356148,3.995005786418915E-10,80000.0,73.57375,44.39639779344624,45.524118738404454,37.3340052169789,80000.0,4336.0
90000.0,0.3836,4.3029420905643043E-10,90000.0,73.62777777777778,44.50469407440704,45.60185185185186,37.443993463707784,90000.0,4336.0
100000.0,0.415119,4.6564990033706034E-10,100000.0,73.667,44.5417329080879,45.771123787557414,37.41116630618213,100000.0,4336.0
110000.0,0.445584,4.99823292096456E-10,110000.0,73.68636363636364,44.60342868265297,45.838479098836125,37.524282322469254,110000.0,4336.0
120000.0,0.475417,5.332877528336314E-10,120000.0,73.71416666666667,44.634796157388415,45.86472617433539,37.567048670902366,120000.0,4336.0
130000.0,0.500586,5.6152048210303E-10,130000.0,73.64153846153846,44.498991374218924,45.73184251369927,37.453682577347806,130000.0,4336.0
140000.0,0.5294,5.938419037395055E-10,140000.0,73.65642857142856,44.55780112917046,45.875464111181216,37.568134881673814,140000.0,4336.0
150000.0,0.557161,6.249821475810476E-10,150000.0,73.66466666666666,44.58414238159882,45.8840774278395,37.642267439107165,150000.0,4336.0
160000.0,0.585451,6.567157846358088E-10,160000.0,73.67812500000001,44.64015919447496,45.953749807504764,37.765069232019634,160000.0,4336.0
170000.0,0.610501,6.848150284753906E-10,170000.0,73.64823529411765,44.5981660167432,45.94901123297257,37.746835091229975,170000.0,4336.0
180000.0,0.635218,7.125407374567457E-10,180000.0,73.66333333333334,44.61506229823008,45.98714793546624,37.73674118048807,180000.0,4336.0
190000.0,0.65883,7.390269388755164E-10,190000.0,73.68736842105264,44.65375570110247,46.020708941123125,37.75647410358567,190000.0,4336.0
200000.0,0.683314,7.664912856287428E-10,200000.0,73.70400000000001,44.68244419396848,46.04842018875668,37.757263743416786,200000.0,4336.0
210000.0,0.706597,7.926084390944907E-10,210000.0,73.72999999999999,44.73181121014486,46.0986047602298,37.81267261106288,210000.0,4336.0
220000.0,0.730731,8.196801816423736E-10,220000.0,73.70409090909091,44.674562013892924,46.03904522941172,37.74240761068424,220000.0,4336.0
230000.0,0.752832,8.444714546203615E-10,230000.0,73.71304347826086,44.68859109784291,46.06649360844237,37.73814182439807,230000.0,4336.0
240000.0,0.784697,8.802152632011309E-10,240000.0,73.70541666666666,44.67223213581901,46.086815374232195,37.713315633111925,240000.0,4336.0
250000.0,0.820619,9.205099153849815E-10,250000.0,73.7168,44.684680404350665,46.09680065627565,37.724619000682395,250000.0,4336.0
260000.0,0.846457,9.494930795497367E-10,260000.0,73.71192307692309,44.68162264805205,46.0974282537204,37.742861046591074,260000.0,4336.0
270000.0,0.8697,9.755653639634452E-10,270000.0,73.69185185185185,44.64352349019499,46.080448165663405,37.71362930875738,270000.0,4336.0
280000.0,0.888887,9.970879265003736E-10,280000.0,73.69642857142857,44.650671712064444,46.04869901547117,37.70300446609826,280000.0,4336.0
290000.0,0.911802,1.0227922846873604E-9,290000.0,73.7251724137931,44.710995566746384,46.11206585619418,37.753651602784046,290000.0,4336.0
300000.0,0.930859,1.0441690228051613E-9,300000.0,73.70833333333333,44.67053682354687,46.10338583484232,37.70042494036616,300000.0,4336.0
310000.0,0.956181,1.07257337619861E-9,310000.0,73.70870967741936,44.673521575459816,46.09162102812394,37.70883966921938,310000.0,4336.0
320000.0,0.976782,1.095682059725126E-9,320000.0,73.70218750000001,44.661566379981814,46.08100055743146,37.69997853076394,320000.0,4336.0
330000.0,0.997843,1.1193067373500933E-9,330000.0,73.71060606060607,44.67014872709943,46.07102673603989,37.691672352497584,330000.0,4336.0
340000.0,1.020933,1.1452073976397518E-9,340000.0,73.71029411764705,44.66928967472318,46.07662747416492,37.697342283001895,340000.0,4336.0
350000.0,1.053106,1.1812966979212234E-9,350000.0,73.73457142857143,44.717737675373364,46.1392438437066,37.74742501913037,350000.0,4336.0
360000.0,1.082489,1.2142563818229573E-9,360000.0,73.73666666666666,44.713874176451185,46.14276030600444,37.74248350519535,360000.0,4336.0
370000.0,1.105328,1.2398754888110694E-9,370000.0,73.73810810810811,44.720539449365035,46.12945252945255,37.756866864815024,370000.0,4336.0
380000.0,1.129831,1.2673611483640144E-9,380000.0,73.7407894736842,44.72326819273205,46.16837051223261,37.75730432396017,380000.0,4336.0
390000.0,1.154917,1.2955007743504316E-9,390000.0,73.71820512820513,44.678559407495065,46.12971041152047,37.71556700655056,390000.0,4336.0
400000.0,1.178007,1.32140143464009E-9,400000.0,73.70675,44.66056277043034,46.09608840050842,37.702946838442166,400000.0,4336.0
410000.0,1.208173,1.3552394302354922E-9,410000.0,73.7190243902439,44.68307011000056,46.10513679787926,37.719926941483834,410000.0,4336.0
420000.0,1.234097,1.3843190628621318E-9,420000.0,73.71642857142857,44.683444063634084,46.108143996719356,37.73457197488874,420000.0,4336.0
430000.0,1.261236,1.4147615929444636E-9,430000.0,73.71186046511627,44.67665409527061,46.08049836866306,37.729851815126956,430000.0,4336.0
440000.0,1.287536,1.444262994660272E-9,440000.0,73.70886363636365,44.67312821880784,46.08630404489042,37.729247299094055,440000.0,4336.0
450000.0,1.310903,1.4704743731353024E-9,450000.0,73.72177777777777,44.70049437323021,46.09742867431545,37.76407060829658,450000.0,4336.0
460000.0,1.331461,1.493534822430876E-9,460000.0,73.7291304347826,44.70167287740569,46.11440088467164,37.73777383921027,460000.0,4336.0
470000.0,1.3499,1.5142183336946704E-9,470000.0,73.74000000000001,44.72109395590232,46.16293931106082,37.76215665609384,470000.0,4336.0
480000.0,1.369053,1.5357027575373655E-9,480000.0,73.7475,44.729031770858626,46.175170322277516,37.76754936143733,480000.0,4336.0
490000.0,1.393049,1.562619701855713E-9,490000.0,73.75,44.730533315718276,46.19394025592652,37.753161340902174,490000.0,4336.0
500000.0,1.411707,1.5835488711794221E-9,500000.0,73.753,44.74236246023015,46.19906775387719,37.77677682423783,500000.0,4336.0
510000.0,1.437699,1.6127047811945284E-9,510000.0,73.7535294117647,44.737411090016074,46.20133354232732,37.766113247197644,510000.0,4336.0
520000.0,1.45678,1.6341084407435528E-9,520000.0,73.76096153846153,44.74524005328669,46.21558231665253,37.76290761799197,520000.0,4336.0
530000.0,1.482015,1.6624152039488162E-9,530000.0,73.74698113207548,44.71748897332137,46.1953411393482,37.73365374718631,530000.0,4336.0
540000.0,1.500227,1.6828440833422877E-9,540000.0,73.74277777777777,44.71020506367231,46.191970672728445,37.73482992121835,540000.0,4336.0
550000.0,1.523266,1.708687535590596E-9,550000.0,73.74054545454545,44.70864313850921,46.18402814004442,37.74617775229853,550000.0,4336.0
560000.0,1.542958,1.73077656990952E-9,560000.0,73.74374999999999,44.719443700508414,46.20250848846739,37.76770447119372,560000.0,4336.0
570000.0,1.56367,1.7540097650554448E-9,570000.0,73.74245614035088,44.714385862897,46.21096136567835,37.754783758718055,570000.0,4336.0
580000.0,1.585385,1.7783680516812538E-9,580000.0,73.73879310344827,44.71363811169202,46.20923711514963,37.76126050660532,580000.0,4336.0
590000.0,1.608926,1.804774610532655E-9,590000.0,73.74271186440679,44.72121024702372,46.20491843126906,37.76894030690127,590000.0,4336.0
600000.0,1.631158,1.8297128296560714E-9,600000.0,73.72983333333333,44.69539920858883,46.174125360698,37.744486223458026,600000.0,4336.0
610000.0,1.649706,1.8505186090866728E-9,610000.0,73.71885245901639,44.66442229120254,46.14699855554436,37.69747043529965,610000.0,4336.0
620000.0,1.672143,1.8756867821017905E-9,620000.0,73.7183870967742,44.663892193193874,46.14619378592133,37.70129532490176,620000.0,4336.0
630000.0,1.698622,1.9053889728254748E-9,630000.0,73.72952380952381,44.68437768970693,46.17476031273173,37.72074733296959,630000.0,4336.0
640000.0,1.716664,1.9256271587477795E-9,640000.0,73.72671875,44.68381373259979,46.17354533261201,37.72835848532542,640000.0,4336.0
650000.0,1.735613,1.9468827504250743E-9,650000.0,73.72846153846154,44.68630629436312,46.18896962898072,37.73336542107874,650000.0,4336.0
660000.0,1.753954,1.9674563325113726E-9,660000.0,73.75121212121212,44.73280263416626,46.235538010824754,37.77741063058727,660000.0,4336.0
670000.0,1.772644,1.988421397076713E-9,670000.0,73.75,44.72971738654812,46.23647696460397,37.77133819486462,670000.0,4336.0
680000.0,1.793577,2.011902493735155E-9,680000.0,73.74441176470589,44.71311727694739,46.22122619628539,37.74977598175778,680000.0,4336.0
690000.0,1.814299,2.0351469061440898E-9,690000.0,73.74666666666667,44.72087504321873,46.24688427299704,37.767578319585844,690000.0,4336.0
700000.0,1.83473,2.058064896199439E-9,700000.0,73.73771428571429,44.71410011475191,46.23184802796098,37.78373420784556,700000.0,4336.0
710000.0,1.857641,2.0837647674812216E-9,710000.0,73.73197183098593,44.69939004250602,46.208092018736025,37.76117360849239,710000.0,4336.0
720000.0,1.885169,2.114643649094635E-9,720000.0,73.73472222222223,44.70117487074315,46.21245950504427,37.75631784400077,720000.0,4336.0
730000.0,1.907366,2.139542607797517E-9,730000.0,73.73904109589041,44.71449699463037,46.22686230564897,37.78276137374157,730000.0,4336.0
740000.0,1.928264,2.1629844440354244E-9,740000.0,73.73324324324324,44.70361721949754,46.217124832251905,37.772043616619385,740000.0,4336.0
750000.0,1.953472,2.191260920630561E-9,750000.0,73.74533333333333,44.727596754169156,46.240287431950584,37.792618895677606,750000.0,4336.0
760000.0,1.976277,2.2168418889244397E-9,760000.0,73.7453947368421,44.72897629092993,46.232633087942055,37.7965446508177,760000.0,4336.0
770000.0,1.997142,2.240246708194415E-9,770000.0,73.73181818181818,44.69814763919992,46.21326951203299,37.76116831086031,770000.0,4336.0
780000.0,2.020287,2.266209063430627E-9,780000.0,73.72871794871794,44.68963161292282,46.196643919960295,37.7463445162427,780000.0,4336.0
790000.0,2.046119,2.295185497237576E-9,790000.0,73.73215189873417,44.69605020078527,46.200073628920606,37.753914451976726,790000.0,4336.0
800000.0,2.066441,2.3179812191261184E-9,800000.0,73.734,44.70142456380024,46.196075218157226,37.76474595347047,800000.0,4336.0
810000.0,2.087899,2.3420512220925753E-9,810000.0,73.74234567901235,44.71870654636205,46.215238177123766,37.780072608979296,810000.0,4336.0
820000.0,2.1141,2.3714415729045864E-9,820000.0,73.74914634146342,44.732231120080066,46.22406535343567,37.794545170817415,820000.0,4336.0
830000.0,2.137877,2.398112859163019E-9,830000.0,73.7432530120482,44.71930916017619,46.21218852426647,37.77862161706891,830000.0,4336.0
840000.0,2.160322,2.4232900059885447E-9,840000.0,73.73880952380952,44.71214635309656,46.20380192900952,37.777414223014524,840000.0,4336.0
850000.0,2.184883,2.4508407256669466E-9,850000.0,73.74576470588235,44.723978388759086,46.22108155002893,37.785305064191036,850000.0,4336.0
860000.0,2.206097,2.474637027415964E-9,860000.0,73.74988372093023,44.73048372563115,46.22850936322451,37.79096202440954,860000.0,4336.0
870000.0,2.228541,2.4998130525151887E-9,870000.0,73.75321839080459,44.73708100765756,46.24625119467423,37.801124415728744,870000.0,4336.0
880000.0,2.250674,2.524640220734808E-9,880000.0,73.7575,44.74451637983803,46.260550253764585,37.80342959948505,880000.0,4336.0
890000.0,2.275017,2.551946404079596E-9,890000.0,73.76314606741573,44.75581826754323,46.276403610286046,37.817592092053445,890000.0,4336.0
900000.0,2.300895,2.5809744372963903E-9,900000.0,73.76266666666666,44.757168471390905,46.273383782996675,37.82671542878807,900000.0,4336.0
910000.0,2.32552,2.608596947458055E-9,910000.0,73.76021978021978,44.75039843160095,46.26746776480118,37.81492033563725,910000.0,4336.0
920000.0,2.346596,2.632238450977537E-9,920000.0,73.75978260869566,44.75336106505174,46.275492491343016,37.8272369291945,920000.0,4336.0
930000.0,2.368384,2.656678623623318E-9,930000.0,73.75924731182796,44.75627184564968,46.27496218934169,37.83982047748709,930000.0,4336.0
940000.0,2.390047,2.680978580481476E-9,940000.0,73.7572340425532,44.74770778454417,46.27431934156737,37.824792755190245,940000.0,4336.0
950000.0,2.417455,2.711722854938772E-9,950000.0,73.75494736842106,44.74156157112796,46.26690689033905,37.81739371160786,950000.0,4336.0
960000.0,2.441562,2.7387643108765283E-9,960000.0,73.75479166666666,44.74049612876824,46.26116297571286,37.8150845696487,960000.0,4336.0
970000.0,2.467687,2.768069410489665E-9,970000.0,73.74886597938143,44.7297123241147,46.24450857411867,37.81160018463386,970000.0,4336.0
980000.0,2.495752,2.7995506591267053E-9,980000.0,73.7495918367347,44.727292800114064,46.250775669164824,37.80486625534302,980000.0,4336.0
990000.0,2.516394,2.8227053334315614E-9,990000.0,73.75090909090909,44.72597143984663,46.25404336639724,37.79687387797113,990000.0,4336.0
1000000.0,2.53797,2.846907700101534E-9,1000000.0,73.7577,44.73911443133232,46.26124493427614,37.80988650825062,1000000.0,4336.0
